0.006508, 0.002965
1.001902, 0.000122
2.005500, 0.008853
3.006523, 0.006765
4.001966, 0.006542
5.003383, 0.002831
6.004554, 0.004257
7.000310, 0.002318
8.003810, 0.007722
9.003028, 0.004376
10.008353, 0.007907
11.003165, 0.005507
12.009494, 0.003398
13.002385, 0.003442
14.000886, 0.007720
15.001687, 0.005476
16.004746, 0.006897
17.009951, 0.009098
18.001230, 0.007596
19.000777, 0.007714
20.002510, 0.001138
21.001690, 0.009280
22.008123, 0.003706
23.004773, 0.000658
24.003147, 0.008054
25.002784, 0.005510
26.005781, 0.007034
27.009828, 0.008538
28.005873, 0.004251
29.000641, 0.003881
30.000971, 0.002161
31.007548, 0.000487
32.001459, 0.002922
33.009159, 0.002275
34.001331, 0.002309
35.009871, 0.005885
36.006177, 0.002013
37.004226, 0.003846
38.004937, 0.000627
39.005200, 0.005965
40.006991, 0.008637
41.000480, 0.006745
42.001130, 0.007730
43.005789, 0.001663
44.008006, 0.009735
45.009324, 0.000095
46.002579, 0.005492
47.006373, 0.007721
48.008163, 0.008994
49.008170, 0.006217
50.008607, 0.007079
51.004050, 0.003037
52.000183, 0.000010
53.000962, 0.009111
54.009756, 0.003244
55.009417, 0.007266
56.000763, 0.005701
57.009921, 0.009177
58.003612, 0.004861
59.008951, 0.003673
60.002019, 0.003972
61.008560, 0.004196
62.001875, 0.001717
63.008642, 0.008236
64.004187, 0.009626
65.005943, 0.006553
66.008675, 0.007552
67.008874, 0.004993
68.009563, 0.002534
69.002185, 0.006717
70.000148, 0.001345
71.000561, 0.007649
72.007699, 0.002045
73.005217, 0.002964
74.005250, 0.004854
75.002530, 0.007422
76.001851, 0.007649
77.008794, 0.007358
78.007835, 0.006406
79.000148, 0.007150
80.006673, 0.005895
81.001745, 0.007971
82.009967, 0.000938
83.005214, 0.001638
84.007159, 0.003552
85.008492, 0.007369
86.006498, 0.006280
87.007082, 0.004264
88.008846, 0.007024
89.000797, 0.007327
90.000882, 0.005700
91.005053, 0.009826
92.009252, 0.008015
93.000778, 0.009817
94.002249, 0.006691
95.001999, 0.003646
96.000572, 0.005440
97.005162, 0.004226
98.003725, 0.006008
99.009255, 0.006921
100.003629, 0.003593
101.000795, 0.000836
102.002001, 0.000961
103.002742, 0.008327
104.003065, 0.006560
105.001399, 0.000551
106.008155, 0.006952
107.000360, 0.001865
108.003783, 0.008880
109.005580, 0.000874
110.009719, 0.001263
111.000612, 0.000968
112.008652, 0.002462
113.006087, 0.008131
114.004004, 0.003097
115.002492, 0.008852
116.007442, 0.009751
117.000316, 0.005948
118.002667, 0.009865
119.006616, 0.005111
120.007026, 0.003135
121.002073, 0.009982
122.007531, 0.009727
123.007605, 0.008580
124.002823, 0.000618
125.004580, 0.008890
126.007660, 0.000381
127.007718, 0.006424
128.001491, 0.007727
129.004727, 0.001563
130.007672, 0.004102
131.001735, 0.009502
132.004880, 0.005679
133.008592, 0.000599
134.007315, 0.009028
135.003090, 0.003956
136.005216, 0.005795
137.008185, 0.002027
138.002285, 0.006702
139.001252, 0.009074
140.001557, 0.000165
141.009468, 0.001289
142.006298, 0.005864
143.000361, 0.001384
144.007481, 0.008560
145.001604, 0.005464
146.004408, 0.002482
147.009107, 0.005007
148.000036, 0.001595
149.007469, 0.001744
150.007578, 0.006050
151.001865, 0.008263
152.009932, 0.000148
153.005410, 0.002159
154.008502, 0.002118
155.001080, 0.006516
156.002987, 0.001020
157.002250, 0.004559
158.008674, 0.001091
159.000896, 0.001279
160.002825, 0.008850
161.007549, 0.009836
162.006706, 0.003260
163.002039, 0.005567
164.004818, 0.004279
165.009110, 0.005400
166.007904, 0.000094
167.007953, 0.005495
168.001282, 0.008364
169.009737, 0.004911
170.005082, 0.001779
171.002180, 0.008133
172.007926, 0.003244
173.005243, 0.004248
174.000638, 0.001008
175.006993, 0.005604
176.001539, 0.009050
177.003708, 0.003742
178.009871, 0.003020
179.003280, 0.005439
180.008945, 0.007073
181.005987, 0.006650
182.005549, 0.001885
183.001679, 0.007177
184.007191, 0.009176
185.007467, 0.003879
186.003736, 0.003049
187.004953, 0.005216
188.004998, 0.003459
189.001075, 0.004968
190.000857, 0.002121
191.001631, 0.007916
192.005451, 0.006173
193.001537, 0.005311
194.002019, 0.009908
195.000889, 0.002948
196.009948, 0.009882
197.000885, 0.009634
198.000585, 0.003711
199.008679, 0.008899
200.003393, 0.007880
201.005213, 0.001722
202.008988, 0.004859
203.005115, 0.003121
204.000643, 0.004853
205.002689, 0.000394
206.000806, 0.002498
207.003105, 0.005835
208.004204, 0.003796
209.002808, 0.001733
210.004083, 0.003635
211.008236, 0.000478
212.003172, 0.009173
213.006904, 0.007560
214.005895, 0.009422
215.009903, 0.000310
216.003434, 0.006333
217.009904, 0.000161
218.008174, 0.007696
219.003693, 0.001263
220.009111, 0.007174
221.003339, 0.003262
222.004776, 0.001771
223.005021, 0.001042
224.005249, 0.002059
225.009602, 0.009261
226.009804, 0.005472
227.004007, 0.004477
228.001773, 0.007976
229.007452, 0.002696
230.007175, 0.004430
231.001614, 0.005125
232.008676, 0.002955
233.008776, 0.009980
234.001443, 0.003616
235.007030, 0.003122
236.002463, 0.006733
237.006593, 0.005372
238.009869, 0.001133
239.006296, 0.009284
240.003854, 0.007663
241.004315, 0.003207
242.005737, 0.008254
243.002197, 0.005456
244.006722, 0.005883
245.006255, 0.006371
246.002933, 0.005711
247.005387, 0.001119
248.008289, 0.002731
249.009381, 0.001025
250.001758, 0.006234
251.006776, 0.006239
252.000577, 0.006403
253.006328, 0.007586
254.005998, 0.003342
255.001162, 0.000365
256.003098, 0.003871
257.009654, 0.007953
258.001251, 0.006378
259.002115, 0.007987
260.006799, 0.009050
261.007347, 0.008979
262.004491, 0.001802
263.008108, 0.000132
264.009260, 0.007205
265.009583, 0.002204
266.004890, 0.000728
267.009897, 0.002218
268.001140, 0.005620
269.006738, 0.009828
270.005891, 0.002715
271.009163, 0.008158
272.003870, 0.000512
273.008639, 0.006934
274.008525, 0.005803
275.008385, 0.000705
276.008598, 0.000193
277.005076, 0.009976
278.005980, 0.002803
279.001977, 0.008062
280.006385, 0.004484
281.007559, 0.001489
282.009428, 0.003840
283.008672, 0.006726
284.009653, 0.000383
285.002327, 0.001083
286.005088, 0.005135
287.005154, 0.000592
288.004876, 0.003973
289.004602, 0.002656
290.002551, 0.004051
291.000938, 0.006309
292.006527, 0.008592
293.004103, 0.007878
294.004348, 0.000377
295.004506, 0.004875
296.002275, 0.009240
297.001797, 0.005914
298.006770, 0.003871
299.000690, 0.009491
300.009428, 0.003253
301.007911, 0.009404
302.001941, 0.008045
303.009304, 0.009664
304.002630, 0.007207
305.001190, 0.006684
306.001136, 0.000206
307.005022, 0.001558
308.002805, 0.000089
309.009402, 0.000268
310.009352, 0.007749
311.008521, 0.004595
312.007352, 0.002706
313.001098, 0.001575
314.001127, 0.000688
315.008856, 0.004305
316.001592, 0.003354
317.008620, 0.001899
318.007614, 0.000450
319.007093, 0.001430
320.001462, 0.009728
321.002358, 0.009643
322.004896, 0.004917
323.001196, 0.007276
324.007463, 0.007089
325.006257, 0.003789
326.003562, 0.009707
327.002158, 0.005311
328.009850, 0.002676
329.004576, 0.003630
330.009524, 0.005719
331.001382, 0.009022
332.005081, 0.006371
333.009897, 0.004745
334.006084, 0.002922
335.009315, 0.006010
336.003513, 0.007612
337.002377, 0.001224
338.007263, 0.000391
339.005332, 0.008347
340.008346, 0.008560
341.000267, 0.004145
342.002364, 0.002600
343.008868, 0.009175
344.005817, 0.003509
345.001657, 0.006301
346.001795, 0.001955
347.001798, 0.005559
348.006647, 0.004553
349.007494, 0.003178
350.004141, 0.007590
351.002077, 0.007585
352.008736, 0.003499
353.005831, 0.000180
354.004478, 0.000402
355.008614, 0.003719
356.001110, 0.000031
357.007343, 0.006105
358.003952, 0.004341
359.007411, 0.002399
360.009112, 0.006125
361.002081, 0.002871
362.000592, 0.003948
363.008944, 0.009894
364.000851, 0.006711
365.007479, 0.001498
366.001386, 0.008148
367.006796, 0.004402
368.004898, 0.006590
369.007613, 0.004326
370.005597, 0.000283
371.007538, 0.006402
372.009225, 0.003594
373.003708, 0.003499
374.009334, 0.004405
375.001863, 0.005259
376.001409, 0.008007
377.005899, 0.005687
378.001375, 0.007816
379.006973, 0.002069
380.000072, 0.008219
381.006232, 0.003065
382.000236, 0.009854
383.000203, 0.008766
384.007576, 0.002649
385.002931, 0.000538
386.002488, 0.006932
387.003913, 0.003471
388.003972, 0.007906
389.005898, 0.009220
390.002332, 0.003831
391.001612, 0.002094
392.002192, 0.003200
393.003473, 0.006157
394.002419, 0.001235
395.005350, 0.006188
396.004495, 0.001012
397.000445, 0.000305
398.005915, 0.009524
399.004343, 0.007047
400.000163, 0.004003
401.007306, 0.004758
402.009830, 0.008807
403.004861, 0.006058
404.004446, 0.008181
405.000759, 0.005225
406.009579, 0.005217
407.001357, 0.001305
408.008759, 0.002313
409.005481, 0.004752
410.004808, 0.003448
411.008853, 0.000418
412.002121, 0.003590
413.007121, 0.004704
414.006465, 0.005542
415.006571, 0.009678
416.003862, 0.009542
417.006569, 0.001987
418.005116, 0.005932
419.002816, 0.009363
420.007554, 0.006201
421.005455, 0.002530
422.000519, 0.002727
423.001109, 0.005354
424.006218, 0.002515
425.002911, 0.001006
426.002443, 0.005256
427.007572, 0.006988
428.008765, 0.001013
429.003579, 0.006811
430.002737, 0.007851
431.009555, 0.001152
432.007688, 0.004717
433.006866, 0.006291
434.008653, 0.009890
435.005524, 0.002645
436.008014, 0.000308
437.007456, 0.001218
438.007413, 0.002086
439.006195, 0.000768
440.007494, 0.007540
441.007064, 0.003516
442.002035, 0.009026
443.006910, 0.002188
444.008050, 0.004904
445.007446, 0.006239
446.008395, 0.007956
447.001276, 0.000028
448.008471, 0.001541
449.004654, 0.000796
450.003556, 0.003828
451.006046, 0.009227
452.008358, 0.005406
453.004550, 0.000429
454.005330, 0.000581
455.007251, 0.008137
456.003319, 0.007683
457.009555, 0.009940
458.003107, 0.008685
459.007583, 0.006374
460.001414, 0.003451
461.006665, 0.001661
462.009917, 0.008928
463.005028, 0.008925
464.000851, 0.008592
465.006704, 0.007693
466.005756, 0.002456
467.002752, 0.006495
468.008931, 0.002963
469.004834, 0.008372
470.002154, 0.007063
471.000226, 0.002108
472.002242, 0.009803
473.002309, 0.006998
474.007997, 0.009725
475.005617, 0.003961
476.008109, 0.001400
477.009491, 0.000815
478.006592, 0.005397
479.009417, 0.004525
480.007283, 0.001009
481.000098, 0.008235
482.003997, 0.002047
483.009326, 0.005896
484.007889, 0.001008
485.006718, 0.002312
486.008581, 0.001943
487.006383, 0.001397
488.000624, 0.007318
489.007566, 0.000476
490.001852, 0.009199
491.002355, 0.003429
492.005198, 0.000064
493.004490, 0.000500
494.000523, 0.003558
495.008361, 0.007573
496.008032, 0.000493
497.002230, 0.002735
498.009833, 0.000433
499.004764, 0.002941
500.001202, 0.004134
501.008927, 0.008582
502.008119, 0.007197
503.002297, 0.008780
504.002635, 0.000212
505.007877, 0.005218
506.002635, 0.005722
507.004447, 0.007319
508.007556, 0.007317
509.000542, 0.006578
510.006623, 0.001166
511.001092, 0.002875
512.001177, 0.005310
513.000809, 0.000572
514.007632, 0.007013
515.003377, 0.007202
516.002651, 0.003496
517.000495, 0.002573
518.007089, 0.006364
519.009855, 0.001094
520.000262, 0.005032
521.006104, 0.005135
522.001120, 0.009474
523.003861, 0.002235
524.007870, 0.007592
525.006839, 0.003972
526.002620, 0.007540
527.002152, 0.009302
528.002609, 0.000284
529.003854, 0.000186
530.004574, 0.002745
531.004786, 0.002315
532.003831, 0.006811
533.000771, 0.008742
534.004624, 0.004542
535.006256, 0.009241
536.003301, 0.004884
537.005425, 0.003196
538.000892, 0.002193
539.007873, 0.008844
540.006642, 0.001891
541.002884, 0.006670
542.009054, 0.003562
543.001397, 0.009785
544.006032, 0.006807
545.009699, 0.009078
546.000651, 0.000153
547.003924, 0.005977
548.004148, 0.008358
549.009415, 0.000606
550.002669, 0.008394
551.004013, 0.008184
552.009362, 0.009439
553.009329, 0.001436
554.008352, 0.007184
555.009073, 0.001874
556.002184, 0.007773
557.008495, 0.007721
558.009276, 0.001676
559.003997, 0.001319
560.002961, 0.002828
561.006987, 0.003815
562.008670, 0.003319
563.001038, 0.009948
564.000821, 0.008980
565.006401, 0.000747
566.005984, 0.006146
567.000950, 0.006949
568.003867, 0.004930
569.001616, 0.000951
570.002709, 0.009313
571.005366, 0.000117
572.000621, 0.009362
573.003802, 0.009237
574.009451, 0.005888
575.000431, 0.004961
576.002726, 0.002862
577.004677, 0.000022
578.004247, 0.007892
579.001688, 0.000052
580.008883, 0.006082
581.002014, 0.000807
582.002138, 0.007585
583.000205, 0.008624
584.000052, 0.004152
585.006401, 0.001899
586.005989, 0.005007
587.009966, 0.006428
588.005893, 0.007344
589.009246, 0.002392
590.008556, 0.001766
591.006495, 0.005832
592.002468, 0.007987
593.002038, 0.002391
594.005813, 0.001080
595.006745, 0.006173
596.001177, 0.003631
597.006852, 0.001492
598.001516, 0.004061
599.000228, 0.000360
600.008963, 0.006464
601.008109, 0.003502
602.003027, 0.002257
603.001400, 0.007722
604.009749, 0.008967
605.005582, 0.007423
606.008381, 0.006443
607.003292, 0.003112
608.007140, 0.005840
609.008654, 0.004675
610.004611, 0.001656
611.002392, 0.002260
612.008361, 0.002157
613.001827, 0.002569
614.007314, 0.008487
615.004780, 0.003370
616.009462, 0.007785
617.001480, 0.004043
618.001473, 0.000617
619.003510, 0.004978
620.001753, 0.008043
621.003876, 0.003630
622.003528, 0.008612
623.007242, 0.000047
624.009507, 0.000624
625.004418, 0.009686
626.004695, 0.009955
627.000127, 0.006322
628.008903, 0.008752
629.008160, 0.002870
630.005538, 0.005338
631.002936, 0.002932
632.008219, 0.000598
633.001564, 0.000869
634.001787, 0.001203
635.005448, 0.003239
636.009279, 0.004946
637.005507, 0.009373
638.001410, 0.008529
639.000077, 0.003944
640.000150, 0.003104
641.009539, 0.009304
642.002933, 0.007872
643.006759, 0.000432
644.009085, 0.007071
645.007388, 0.000288
646.005011, 0.000651
647.009084, 0.008382
648.009720, 0.003950
649.003727, 0.000389
650.007244, 0.006692
651.001679, 0.001608
652.007516, 0.006610
653.002169, 0.002079
654.002256, 0.008014
655.008838, 0.006172
656.007459, 0.000605
657.004536, 0.004467
658.009007, 0.008867
659.004409, 0.000726
660.003002, 0.007331
661.001359, 0.001777
662.007365, 0.002026
663.002923, 0.003121
664.006262, 0.003447
665.003642, 0.008072
666.003931, 0.001325
667.001981, 0.003251
668.009464, 0.006536
669.005865, 0.008232
670.009105, 0.000446
671.005883, 0.002163
672.007637, 0.007017
673.000242, 0.005179
674.005407, 0.007964
675.000511, 0.007402
676.002560, 0.006312
677.002234, 0.003357
678.007046, 0.008628
679.009466, 0.004613
680.007955, 0.001261
681.007301, 0.008454
682.000746, 0.000905
683.001445, 0.005399
684.005936, 0.004783
685.008912, 0.003383
686.007809, 0.000772
687.008880, 0.001413
688.004701, 0.002790
689.007803, 0.000505
690.007439, 0.001745
691.007813, 0.004718
692.007478, 0.007356
693.002485, 0.000107
694.001313, 0.001179
695.009037, 0.004385
696.002722, 0.006124
697.001003, 0.005130
698.009401, 0.002799
699.000474, 0.009341
700.005558, 0.007975
701.003939, 0.002143
702.007032, 0.005496
703.000808, 0.007478
704.000479, 0.004941
705.008675, 0.008571
706.003222, 0.008358
707.004372, 0.001000
708.005289, 0.000368
709.004899, 0.006171
710.000237, 0.001968
711.007273, 0.008023
712.006297, 0.003332
713.001363, 0.000759
714.004418, 0.005935
715.004782, 0.000432
716.004768, 0.009299
717.003888, 0.008188
718.008252, 0.002687
719.009964, 0.007978
720.004613, 0.007045
721.004629, 0.006568
722.003684, 0.007513
723.003561, 0.008631
724.001335, 0.001816
725.002573, 0.004755
726.006700, 0.004845
727.005124, 0.005180
728.002228, 0.004742
729.005306, 0.007063
730.003136, 0.000802
731.005398, 0.008090
732.007816, 0.008503
733.002015, 0.004252
734.005757, 0.001978
735.009951, 0.004595
736.004556, 0.009242
737.007747, 0.000749
738.002570, 0.000481
739.004063, 0.004059
740.008776, 0.004729
741.008919, 0.008126
742.006399, 0.005222
743.008852, 0.009569
744.001874, 0.008775
745.000072, 0.004824
746.005704, 0.009455
747.008661, 0.005791
748.006766, 0.001897
749.001885, 0.002137
750.006651, 0.004561
751.009689, 0.003074
752.005574, 0.008232
753.000424, 0.006428
754.006433, 0.000097
755.009876, 0.007795
756.008578, 0.008699
757.007658, 0.007614
758.007841, 0.000075
759.000032, 0.008965
760.004408, 0.000414
761.003213, 0.003890
762.005081, 0.005508
763.006225, 0.001079
764.001491, 0.002356
765.007378, 0.002703
766.000847, 0.003194
767.003409, 0.003222
768.000745, 0.007281
769.005368, 0.007982
770.004643, 0.000758
771.000308, 0.004411
772.009525, 0.009881
773.002828, 0.003614
774.002348, 0.007942
775.005552, 0.005206
776.006815, 0.001204
777.002590, 0.003168
778.007042, 0.004141
779.005055, 0.005557
780.009682, 0.009316
781.002686, 0.005875
782.001073, 0.002194
783.000653, 0.008907
784.000962, 0.006214
785.005599, 0.008852
786.009378, 0.008423
787.009981, 0.002542
788.008209, 0.000992
789.008776, 0.005580
790.004053, 0.008922
791.007610, 0.004194
792.003892, 0.009253
793.006382, 0.000630
794.000174, 0.002094
795.007429, 0.004892
796.006838, 0.008775
797.002313, 0.000640
798.002868, 0.007444
799.006278, 0.008064
800.004927, 0.001422
801.004449, 0.001540
802.005632, 0.000615
803.008829, 0.004888
804.009040, 0.001313
805.000161, 0.002031
806.009902, 0.004678
807.003719, 0.005893
808.008250, 0.009232
809.003077, 0.003310
810.005876, 0.007670
811.000938, 0.008813
812.006272, 0.003293
813.001077, 0.005047
814.004585, 0.006387
815.000453, 0.002685
816.009157, 0.005855
817.005563, 0.007611
818.001209, 0.006417
819.002098, 0.008206
820.004234, 0.006685
821.001960, 0.000548
822.009652, 0.008434
823.006705, 0.004327
824.000309, 0.002373
825.001475, 0.007304
826.008359, 0.000735
827.008483, 0.001110
828.009110, 0.001995
829.004106, 0.006208
830.007387, 0.008030
831.008658, 0.008830
832.007980, 0.009029
833.002899, 0.007692
834.006728, 0.006477
835.000348, 0.003321
836.003824, 0.009514
837.009456, 0.007772
838.005875, 0.004980
839.004703, 0.007585
840.008306, 0.006473
841.000691, 0.007771
842.004646, 0.002718
843.008281, 0.009639
844.004289, 0.000567
845.006843, 0.000298
846.005253, 0.002940
847.001686, 0.006615
848.003537, 0.007018
849.000727, 0.001474
850.005619, 0.003005
851.009451, 0.005118
852.005655, 0.008766
853.008247, 0.009410
854.003955, 0.000664
855.001163, 0.007819
856.008287, 0.005888
857.000151, 0.008931
858.004576, 0.006608
859.003859, 0.006316
860.008560, 0.001257
861.005041, 0.002552
862.004970, 0.003251
863.005645, 0.000225
864.005782, 0.002463
865.003629, 0.007709
866.004124, 0.009771
867.000589, 0.002544
868.005383, 0.009972
869.004245, 0.000230
870.002086, 0.003399
871.004849, 0.001241
872.004112, 0.001539
873.009594, 0.004068
874.000795, 0.006959
875.004057, 0.007118
876.006487, 0.002876
877.004769, 0.007271
878.006142, 0.002655
879.001952, 0.007904
880.002481, 0.004566
881.006500, 0.004211
882.001298, 0.002111
883.000261, 0.008610
884.006477, 0.005223
885.003671, 0.004063
886.001278, 0.002661
887.009835, 0.008128
888.007455, 0.000909
889.009071, 0.005530
890.008766, 0.009888
891.003029, 0.002090
892.000444, 0.000798
893.002404, 0.007816
894.001184, 0.006409
895.007338, 0.001958
896.009213, 0.009091
897.004549, 0.007859
898.009009, 0.006922
899.000274, 0.000387
900.000219, 0.003175
901.003063, 0.003802
902.005351, 0.009488
903.005507, 0.002818
904.007799, 0.008044
905.008946, 0.004723
906.006763, 0.003071
907.000239, 0.005333
908.000620, 0.006959
909.004640, 0.006611
910.005321, 0.001332
911.003846, 0.008759
912.009369, 0.008363
913.003294, 0.004591
914.001938, 0.002663
915.007751, 0.009013
916.005703, 0.009044
917.009269, 0.001401
918.000937, 0.006478
919.006565, 0.003711
920.002442, 0.003551
921.009895, 0.002120
922.005872, 0.005750
923.000466, 0.005015
924.005014, 0.009857
925.008480, 0.005144
926.006594, 0.005805
927.008833, 0.008736
928.004152, 0.001273
929.008569, 0.009411
930.007577, 0.009356
931.005126, 0.009684
932.009837, 0.004611
933.009448, 0.007880
934.007484, 0.007794
935.003023, 0.003272
936.006494, 0.004602
937.002906, 0.007255
938.009992, 0.008728
939.003800, 0.003365
940.009441, 0.004554
941.001241, 0.003963
942.005854, 0.009772
943.004967, 0.006386
944.002579, 0.003272
945.006518, 0.006384
946.006231, 0.008586
947.000144, 0.001661
948.007338, 0.008218
949.001074, 0.003318
950.007250, 0.009163
951.000204, 0.008025
952.002878, 0.004928
953.009283, 0.008722
954.005834, 0.004371
955.005644, 0.006674
956.007526, 0.002672
957.000554, 0.002682
958.006767, 0.004739
959.000229, 0.000265
960.001477, 0.006374
961.003599, 0.008636
962.001017, 0.003499
963.005867, 0.008266
964.000739, 0.004769
965.001933, 0.006859
966.005304, 0.007871
967.008745, 0.008560
968.002327, 0.004825
969.000636, 0.004182
970.002922, 0.006607
971.006713, 0.005297
972.000705, 0.002398
973.004359, 0.009973
974.005810, 0.003776
975.007912, 0.002993
976.005489, 0.009156
977.006582, 0.008359
978.007867, 0.008805
979.000664, 0.006884
980.000385, 0.005733
981.000123, 0.006709
982.009532, 0.002769
983.004597, 0.009527
984.003390, 0.001151
985.008894, 0.000355
986.003594, 0.000926
987.003034, 0.003649
988.008231, 0.008481
989.000911, 0.003573
990.002270, 0.001512
991.006623, 0.001252
992.007068, 0.006756
993.002549, 0.006803
994.005522, 0.000776
995.008220, 0.008965
996.004432, 0.009138
997.004054, 0.000135
998.000627, 0.004268
999.009022, 0.009640
1000.002426, 0.007327
1001.006295, 0.003025
1002.002997, 0.004383
1003.005949, 0.000209
1004.007166, 0.002231
1005.008777, 0.000282
1006.008253, 0.004144
1007.000280, 0.005787
1008.006480, 0.000877
1009.008896, 0.004285
1010.005538, 0.007247
1011.007531, 0.000016
1012.008849, 0.009576
1013.002449, 0.003468
1014.002099, 0.004345
1015.008593, 0.001673
1016.003608, 0.003335
1017.005390, 0.007039
1018.009094, 0.005592
1019.002109, 0.007520
1020.002386, 0.001522
1021.006836, 0.005962
1022.008670, 0.009426
1023.008113, 0.001405
1024.001803, 0.009784
1025.003330, 0.000182
1026.002283, 0.007614
1027.002907, 0.009612
1028.007418, 0.008204
1029.004345, 0.002101
1030.000268, 0.006537
1031.005199, 0.002467
1032.008921, 0.005721
1033.009043, 0.006304
1034.002657, 0.004732
1035.003482, 0.002185
1036.006578, 0.000790
1037.004281, 0.005537
1038.001249, 0.006677
1039.004667, 0.006975
1040.008929, 0.008301
1041.003871, 0.002933
1042.002937, 0.002837
1043.003970, 0.001388
1044.001733, 0.002737
1045.009090, 0.000490
1046.004268, 0.005943
1047.006040, 0.002922
1048.008161, 0.007592
1049.000430, 0.003792
1050.007273, 0.003543
1051.007343, 0.004871
1052.000242, 0.001034
1053.000615, 0.002994
1054.006531, 0.006780
1055.009797, 0.005430
1056.001562, 0.007820
1057.008852, 0.000042
1058.007492, 0.005437
1059.005653, 0.003041
1060.001201, 0.007457
1061.006343, 0.002152
1062.006045, 0.009228
1063.003626, 0.008001
1064.008939, 0.008620
1065.003040, 0.001537
1066.009343, 0.005329
1067.006283, 0.000307
1068.001693, 0.009815
1069.005655, 0.001382
1070.007867, 0.002177
1071.008672, 0.003764
1072.001216, 0.006290
1073.006917, 0.008073
1074.008753, 0.009501
1075.008202, 0.006332
1076.003041, 0.003204
1077.006078, 0.009669
1078.000356, 0.004614
1079.005784, 0.006730
1080.006678, 0.005037
1081.000675, 0.000635
1082.008076, 0.004956
1083.008207, 0.007284
1084.007056, 0.001255
1085.009532, 0.002813
1086.001422, 0.006875
1087.001772, 0.003034
1088.007222, 0.008227
1089.007024, 0.002652
1090.002339, 0.000673
1091.007178, 0.007084
1092.002286, 0.007384
1093.008582, 0.004683
1094.004774, 0.001891
1095.005650, 0.002196
1096.004611, 0.009638
1097.007447, 0.001245
1098.005497, 0.008852
1099.006327, 0.008656
1100.000267, 0.006042
1101.002687, 0.008462
1102.006172, 0.006443
1103.004891, 0.008361
1104.006720, 0.004707
1105.008444, 0.008472
1106.006679, 0.006164
1107.003450, 0.005181
1108.001778, 0.003965
1109.004451, 0.007900
1110.009680, 0.002409
1111.001674, 0.001553
1112.003787, 0.001781
1113.007784, 0.002587
1114.006442, 0.005007
1115.009174, 0.001340
1116.003079, 0.001423
1117.005873, 0.008564
1118.003908, 0.008013
1119.009136, 0.008926
1120.004664, 0.003369
1121.000758, 0.009283
1122.003016, 0.004746
1123.003205, 0.004571
1124.002175, 0.003475
1125.004597, 0.009088
1126.008270, 0.009079
1127.007619, 0.006012
1128.003065, 0.007388
1129.006424, 0.002946
1130.008560, 0.002974
1131.000586, 0.006314
1132.005054, 0.001211
1133.000159, 0.002420
1134.009231, 0.000277
1135.000923, 0.007973
1136.003819, 0.008416
1137.003862, 0.007901
1138.005406, 0.006753
1139.007938, 0.003265
1140.001946, 0.003008
1141.000242, 0.007078
1142.006554, 0.006377
1143.002558, 0.000849
1144.009118, 0.008940
1145.008419, 0.009667
1146.002312, 0.003870
1147.009717, 0.008621
1148.003567, 0.005777
1149.006923, 0.008392
1150.009556, 0.003493
1151.001986, 0.002810
1152.004765, 0.000610
1153.007963, 0.006203
1154.000715, 0.004083
1155.004458, 0.003335
1156.007373, 0.006217
1157.002923, 0.009762
1158.003351, 0.000341
1159.000879, 0.005404
1160.006430, 0.005483
1161.009131, 0.009160
1162.000974, 0.000373
1163.001031, 0.007364
1164.003807, 0.002059
1165.007858, 0.003903
1166.005109, 0.009480
1167.009366, 0.004807
1168.005893, 0.007279
1169.003581, 0.005130
1170.008625, 0.000194
1171.004887, 0.000918
1172.002550, 0.003321
1173.004488, 0.004096
1174.000296, 0.008570
1175.002282, 0.003076
1176.007299, 0.002625
1177.004238, 0.006896
1178.000630, 0.006723
1179.004308, 0.005710
1180.008773, 0.003555
1181.004967, 0.005440
1182.008931, 0.001618
1183.005420, 0.009396
1184.003406, 0.002312
1185.001549, 0.004683
1186.001627, 0.000109
1187.006659, 0.006209
1188.009384, 0.001099
1189.007096, 0.006099
1190.001834, 0.000228
1191.001780, 0.001329
1192.001835, 0.002537
1193.009728, 0.007408
1194.000179, 0.008724
1195.004637, 0.000887
1196.009279, 0.000326
1197.000569, 0.008553
1198.006874, 0.004852
1199.007817, 0.006070
1200.001320, 0.006160
1201.003011, 0.003928
1202.005027, 0.000412
1203.002521, 0.003471
1204.007594, 0.002893
1205.003222, 0.000850
1206.005222, 0.006039
1207.009696, 0.001690
1208.007960, 0.003951
1209.001903, 0.004292
1210.001335, 0.003740
1211.002421, 0.004188
1212.003951, 0.008995
1213.007291, 0.007854
1214.007601, 0.005687
1215.009537, 0.008389
1216.001464, 0.005838
1217.009426, 0.000991
1218.006943, 0.009250
1219.000530, 0.001025
1220.004711, 0.008609
1221.005651, 0.002493
1222.000533, 0.008291
1223.001668, 0.009746
1224.001408, 0.002162
1225.007375, 0.000207
1226.008619, 0.000702
1227.003375, 0.000967
1228.009226, 0.002748
1229.008076, 0.007016
1229.002591, 1.002193
1229.008874, 2.003970
1229.003480, 3.004923
1229.002563, 4.003064
1229.008305, 5.006332
1229.004061, 6.001256
1229.006081, 7.004713
1229.007482, 8.004234
1229.000649, 9.000834
1229.008646, 10.005148
1229.005729, 11.009030
1229.003072, 12.006875
1229.009369, 13.000099
1229.008527, 14.000638
1229.009355, 15.001335
1229.006179, 16.008777
1229.006132, 17.004001
1229.009433, 18.004496
1229.004819, 19.003553
1229.004505, 20.006398
1229.002855, 21.002931
1229.001795, 22.000613
1229.004860, 23.004235
1229.002123, 24.008340
1229.001266, 25.009081
1229.006891, 26.001609
1229.002280, 27.002973
1229.006233, 28.005079
1229.003733, 29.003984
1229.004218, 30.006683
1229.006400, 31.001066
1229.005166, 32.004936
1229.005328, 33.002305
1229.000133, 34.005712
1229.000750, 35.008430
1229.007647, 36.006308
1229.007149, 37.001881
1229.007731, 38.009606
1229.002016, 39.006767
1229.003300, 40.006143
1229.000893, 41.000006
1229.007979, 42.006907
1229.000234, 43.008975
1229.004407, 44.004665
1229.004673, 45.005973
1229.002100, 46.006642
1229.000238, 47.004814
1229.008916, 48.006355
1229.000091, 49.009862
1229.005206, 50.007425
1229.004350, 51.002819
1229.004696, 52.007172
1229.000554, 53.007580
1229.001176, 54.002807
1229.006333, 55.008466
1229.005047, 56.008034
1229.000850, 57.002148
1229.008797, 58.002878
1229.006578, 59.008582
1229.005461, 60.004542
1229.007964, 61.001245
1229.009139, 62.002119
1229.008556, 63.002016
1229.001622, 64.002958
1229.003150, 65.000989
1229.004194, 66.003505
1229.006511, 67.006546
1229.008672, 68.002430
1229.005251, 69.005985
1229.006753, 70.008852
1229.004403, 71.002046
1229.001713, 72.003470
1229.005270, 73.005607
1229.001544, 74.005424
1229.006106, 75.009901
1229.007569, 76.002681
1229.002190, 77.006540
1229.007613, 78.008781
1229.006855, 79.008670
1229.007788, 80.003732
1229.000043, 81.001570
1229.001953, 82.001883
1229.005936, 83.006000
1229.002908, 84.004584
1229.006232, 85.004620
1229.004395, 86.000438
1229.000634, 87.006789
1229.007959, 88.000969
1229.001100, 89.002044
1229.003733, 90.004508
1229.001431, 91.007603
1229.009220, 92.006117
1229.008752, 93.000161
1229.005111, 94.006357
1229.008448, 95.007337
1229.002231, 96.006726
1229.009124, 97.009046
1229.008653, 98.004555
1229.009140, 99.004132
1229.001050, 100.005199
1229.001302, 101.002569
1229.009350, 102.004326
1229.007245, 103.008536
1229.008757, 104.008112
1229.008097, 105.004686
1229.008189, 106.004156
1229.002973, 107.002920
1229.009215, 108.000943
1229.001860, 109.001974
1229.004537, 110.008638
1229.004460, 111.007141
1229.000080, 112.009052
1229.001555, 113.002425
1229.009774, 114.007577
1229.000454, 115.000458
1229.007053, 116.004902
1229.001079, 117.000479
1229.002176, 118.001339
1229.004267, 119.009693
1229.009393, 120.001540
1229.008833, 121.008320
1229.003048, 122.002457
1229.008969, 123.003648
1229.006670, 124.002321
1229.008539, 125.003408
1229.004105, 126.003478
1229.003829, 127.003768
1229.006778, 128.006885
1229.001316, 129.002275
1229.006109, 130.001069
1229.002018, 131.001053
1229.005189, 132.003385
1229.008994, 133.000559
1229.008745, 134.006361
1229.009546, 135.009227
1229.005465, 136.006961
1229.008690, 137.009295
1229.001760, 138.001561
1229.005464, 139.004145
1229.001008, 140.004471
1229.008625, 141.007453
1229.007345, 142.002795
1229.003306, 143.009466
1229.008077, 144.005461
1229.005194, 145.000728
1229.003764, 146.009213
1229.003785, 147.008557
1229.000040, 148.009398
1229.001288, 149.006582
1229.000240, 150.008341
1229.008737, 151.002667
1229.002884, 152.009142
1229.005865, 153.005524
1229.003088, 154.007682
1229.006320, 155.005332
1229.001970, 156.000676
1229.004767, 157.008662
1229.003096, 158.002566
1229.007454, 159.003046
1229.000046, 160.009079
1229.002793, 161.001478
1229.004158, 162.000254
1229.003522, 163.002172
1229.006501, 164.000756
1229.007018, 165.003881
1229.003159, 166.000289
1229.005311, 167.002105
1229.007873, 168.001913
1229.001366, 169.006484
1229.001106, 170.001095
1229.003208, 171.004691
1229.009607, 172.003283
1229.002426, 173.003150
1229.005511, 174.002833
1229.008648, 175.009882
1229.009065, 176.001102
1229.006526, 177.009782
1229.004022, 178.006499
1229.006807, 179.007661
1229.009780, 180.004339
1229.008050, 181.009354
1229.009312, 182.009277
1229.000547, 183.006198
1229.006968, 184.008168
1229.009014, 185.003210
1229.005202, 186.006139
1229.005613, 187.006267
1229.004282, 188.003700
1229.009877, 189.008598
1229.004055, 190.007701
1229.007076, 191.001910
1229.001823, 192.003953
1229.001621, 193.002456
1229.005399, 194.004318
1229.007032, 195.007352
1229.005396, 196.006084
1229.009066, 197.001460
1229.005817, 198.006441
1229.003542, 199.000161
1229.007017, 200.009863
1229.005441, 201.008304
1229.000074, 202.001215
1229.000833, 203.000669
1229.006672, 204.002399
1229.008205, 205.004244
1229.003506, 206.005335
1229.000739, 207.007629
1229.005327, 208.009120
1229.006117, 209.007885
1229.005646, 210.004142
1229.005400, 211.000132
1229.009182, 212.000995
1229.007557, 213.000222
1229.005112, 214.006978
1229.001201, 215.005775
1229.005180, 216.008014
1229.000094, 217.005928
1229.005737, 218.008787
1229.003977, 219.005067
1229.007765, 220.008913
1229.001310, 221.000892
1229.003955, 222.007966
1229.005450, 223.002099
1229.006893, 224.007151
1229.000866, 225.006010
1229.007430, 226.000467
1229.000926, 227.001456
1229.007283, 228.003137
1229.003828, 229.007223
1229.004940, 230.000149
1229.008245, 231.001382
1229.008931, 232.002703
1229.005231, 233.001806
1229.007513, 234.005379
1229.007969, 235.003194
1229.008863, 236.001839
1229.005903, 237.000908
1229.000804, 238.001883
1229.004834, 239.006944
1229.004150, 240.007660
1229.009534, 241.008339
1229.008733, 242.001849
1229.000441, 243.003335
1229.006156, 244.005636
1229.000998, 245.005611
1229.008364, 246.009277
1229.007204, 247.001887
1229.006055, 248.003074
1229.005923, 249.003227
1229.006041, 250.001581
1229.003542, 251.005345
1229.001580, 252.008835
1229.001507, 253.008220
1229.004769, 254.007442
1229.000329, 255.000349
1229.005041, 256.009319
1229.008596, 257.007940
1229.002847, 258.000908
1229.008585, 259.004348
1229.002573, 260.000684
1229.004997, 261.000095
1229.003752, 262.001746
1229.008422, 263.008756
1229.004650, 264.007331
1229.000053, 265.009041
1229.007269, 266.002043
1229.009244, 267.008379
1229.007842, 268.006623
1229.000461, 269.008319
1229.001877, 270.009059
1229.001185, 271.007065
1229.007819, 272.009865
1229.007343, 273.009445
1229.008380, 274.004327
1229.007810, 275.009632
1229.003614, 276.009532
1229.004567, 277.006947
1229.004790, 278.009005
1229.000057, 279.000020
1229.003128, 280.002742
1229.008317, 281.009660
1229.002460, 282.005479
1229.001435, 283.005714
1229.009887, 284.000985
1229.007912, 285.008258
1229.003469, 286.005213
1229.004467, 287.008402
1229.001051, 288.006099
1229.007877, 289.009047
1229.009249, 290.002849
1229.008385, 291.000890
1229.006676, 292.002496
1229.001264, 293.004002
1229.000474, 294.006564
1229.008079, 295.000272
1229.000210, 296.005639
1229.004223, 297.007059
1229.008190, 298.004664
1229.004288, 299.007336
1229.000266, 300.006769
1229.001821, 301.006652
1229.006198, 302.008444
1229.005048, 303.002232
1229.003618, 304.003882
1229.005111, 305.004502
1229.004686, 306.001282
1229.008386, 307.006387
1229.009465, 308.008952
1229.009455, 309.000656
1229.005114, 310.003995
1229.006267, 311.000665
1229.004934, 312.001414
1229.004093, 313.004776
1229.006345, 314.006438
1229.009787, 315.009788
1229.001845, 316.007883
1229.002963, 317.003681
1229.002028, 318.005359
1229.005618, 319.002992
1229.004711, 320.008138
1229.006773, 321.005131
1229.009233, 322.008496
1229.003706, 323.000947
1229.000001, 324.007342
1229.006319, 325.007870
1229.008330, 326.004934
1229.006218, 327.008918
1229.006647, 328.004523
1229.007058, 329.007912
1229.004124, 330.001700
1229.007729, 331.006179
1229.007798, 332.007298
1229.004924, 333.001084
1229.008239, 334.006622
1229.006676, 335.001682
1229.003834, 336.002853
1229.003403, 337.001813
1229.002748, 338.007423
1229.008049, 339.005961
1229.006618, 340.005166
1229.001852, 341.008164
1229.005057, 342.007078
1229.007337, 343.009309
1229.005009, 344.008483
1229.005066, 345.003128
1229.004041, 346.005415
1229.005724, 347.006180
1229.001615, 348.007048
1229.004103, 349.002166
1229.007419, 350.006963
1229.006535, 351.005860
1229.000804, 352.001079
1229.008353, 353.006994
1229.000397, 354.005057
1229.002928, 355.009382
1229.007960, 356.008990
1229.008856, 357.005623
1229.005542, 358.002189
1229.006843, 359.002682
1229.009994, 360.005876
1229.002874, 361.008650
1229.003919, 362.006608
1229.009196, 363.006023
1229.007097, 364.008229
1229.009712, 365.001791
1229.007473, 366.005173
1229.001322, 367.009653
1229.005751, 368.004925
1229.007787, 369.004678
1229.002663, 370.002456
1229.007675, 371.005721
1229.002985, 372.004443
1229.002950, 373.005896
1229.005343, 374.006088
1229.009770, 375.006440
1229.001888, 376.008344
1229.008053, 377.004264
1229.006896, 378.008367
1229.001378, 379.008503
1229.008357, 380.001000
1229.003774, 381.006388
1229.001615, 382.004107
1229.004974, 383.003744
1229.009116, 384.005567
1229.000683, 385.000436
1229.005339, 386.004738
1229.009430, 387.006056
1229.000963, 388.006212
1229.002564, 389.006189
1229.005332, 390.008661
1229.008960, 391.004552
1229.001288, 392.006594
1229.000987, 393.001323
1229.001421, 394.007844
1229.003318, 395.002979
1229.009823, 396.004582
1229.001126, 397.003947
1229.008373, 398.000681
1229.009241, 399.005384
1229.001653, 400.003241
1229.008829, 401.001398
1229.009530, 402.001087
1229.003145, 403.008028
1229.001476, 404.008052
1229.008941, 405.005278
1229.001694, 406.003854
1229.005070, 407.007547
1229.009105, 408.000392
1229.004871, 409.002737
1229.001258, 410.006251
1229.003876, 411.005370
1229.006232, 412.007258
1229.009416, 413.004022
1229.001587, 414.005873
1229.003687, 415.008382
1229.004431, 416.007246
1229.006828, 417.006259
1229.001655, 418.004747
1229.001588, 419.005835
1229.004419, 420.002777
1229.006136, 421.003494
1229.005925, 422.009681
1229.006571, 423.002517
1229.006563, 424.008570
1229.005714, 425.002983
1229.005480, 426.008865
1229.009724, 427.008161
1229.002636, 428.006375
1229.009107, 429.007729
1229.000411, 430.004726
1229.005687, 431.003113
1229.008828, 432.005945
1229.002095, 433.005274
1229.003446, 434.003025
1229.005338, 435.000245
1229.000000, 436.002264
1229.001016, 437.002735
1229.004833, 438.008211
1229.009742, 439.003117
1229.005197, 440.009021
1229.002336, 441.008097
1229.008475, 442.005024
1229.005348, 443.000396
1229.004399, 444.008342
1229.003472, 445.007745
1229.009310, 446.006343
1229.000429, 447.006512
1229.006536, 448.006762
1229.004856, 449.000262
1229.001945, 450.007290
1229.002785, 451.008582
1229.008739, 452.007453
1229.003262, 453.006462
1229.000541, 454.005582
1229.008680, 455.009565
1229.006854, 456.008700
1229.006372, 457.005680
1229.009942, 458.008129
1229.003044, 459.007682
1229.007197, 460.008630
1229.008598, 461.008312
1229.008061, 462.003891
1229.000914, 463.002078
1229.009559, 464.006183
1229.008152, 465.004606
1229.009509, 466.002976
1229.000132, 467.004736
1229.001468, 468.008347
1229.005366, 469.009695
1229.000482, 470.001990
1229.005290, 471.008640
1229.003697, 472.003626
1229.002265, 473.004894
1229.004894, 474.005643
1229.002922, 475.002192
1229.007019, 476.001771
1229.003382, 477.005233
1229.001754, 478.004599
1229.007954, 479.009873
1229.000214, 480.009759
1229.007833, 481.003247
1229.003805, 482.009575
1229.001397, 483.009159
1229.009333, 484.004010
1229.002634, 485.009020
1229.007404, 486.001696
1229.009291, 487.003684
1229.008198, 488.008878
1229.007276, 489.006465
1229.003656, 490.009093
1229.002904, 491.002656
1229.000165, 492.001364
1229.009538, 493.005873
1229.000793, 494.009759
1229.000175, 495.006518
1229.001131, 496.002099
1229.002565, 497.002694
1229.007816, 498.000646
1229.008407, 499.008864
1229.003790, 500.002571
1229.003184, 501.002582
1229.009365, 502.003022
1229.008216, 503.004603
1229.003142, 504.008601
1229.001474, 505.002680
1229.001863, 506.004066
1229.008727, 507.004372
1229.003251, 508.000065
1229.001588, 509.009161
1229.000894, 510.004723
1229.004015, 511.005202
1229.005252, 512.006880
1229.003825, 513.001015
1229.009834, 514.003809
1229.000803, 515.007430
1229.006611, 516.001219
1229.007945, 517.000093
1229.009737, 518.008354
1229.007409, 519.007863
1229.001628, 520.005999
1229.007743, 521.007390
1229.000468, 522.000213
1229.003936, 523.009197
1229.003202, 524.009598
1229.006870, 525.005587
1229.003083, 526.008910
1229.003724, 527.005672
1229.005831, 528.006837
1229.005902, 529.007841
1229.003465, 530.000744
1229.006040, 531.004993
1229.009876, 532.006207
1229.000660, 533.002823
1229.007204, 534.004140
1229.000026, 535.006495
1229.007067, 536.003341
1229.001779, 537.006006
1229.005730, 538.001248
1229.009893, 539.005550
1229.007256, 540.000744
1229.005532, 541.007205
1229.003701, 542.005798
1229.001366, 543.004238
1229.006435, 544.003771
1229.005899, 545.004366
1229.007628, 546.007198
1229.009384, 547.008258
1229.005983, 548.002849
1229.007884, 549.003607
1229.005762, 550.000890
1229.007037, 551.000090
1229.003180, 552.001956
1229.002089, 553.005504
1229.009226, 554.004947
1229.005768, 555.008416
1229.002966, 556.003351
1229.000536, 557.007630
1229.004401, 558.002928
1229.006816, 559.003775
1229.000942, 560.008542
1229.003729, 561.003347
1229.006554, 562.002976
1229.003912, 563.000486
1229.007637, 564.005522
1229.008985, 565.006843
1229.004720, 566.003176
1229.007223, 567.004804
1229.004005, 568.002239
1229.009996, 569.004421
1229.007843, 570.003148
1229.008547, 571.009339
1229.008195, 572.006327
1229.007655, 573.002040
1229.002149, 574.001904
1229.007762, 575.003720
1229.003547, 576.001076
1229.002120, 577.009102
1229.009785, 578.001950
1229.000516, 579.001506
1229.007859, 580.007668
1229.006143, 581.008489
1229.008701, 582.009634
1229.007178, 583.003353
1229.003890, 584.003646
1229.009632, 585.002858
1229.003779, 586.001751
1229.003028, 587.006428
1229.001118, 588.007643
1229.005475, 589.007177
1229.009221, 590.008393
1229.009704, 591.000069
1229.008751, 592.000359
1229.006612, 593.007512
1229.002179, 594.002050
1229.007901, 595.007706
1229.009982, 596.001788
1229.004351, 597.006067
1229.007638, 598.002962
1229.001310, 599.005018
1229.007494, 600.004693
1229.007943, 601.002477
1229.004548, 602.000721
1229.001820, 603.004352
1229.000226, 604.004333
1229.005397, 605.001343
1229.003209, 606.002124
1229.005956, 607.005385
1229.001374, 608.004440
1229.005557, 609.006021
1229.003904, 610.005271
1229.002581, 611.002038
1229.007650, 612.009447
1229.001414, 613.008663
1229.006778, 614.009919
1229.001838, 615.005641
1229.009792, 616.002961
1229.004687, 617.006504
1229.002974, 618.004084
1229.005345, 619.004345
1229.004319, 620.002493
1229.001631, 621.004405
1229.007016, 622.006889
1229.007642, 623.008791
1229.006543, 624.000431
1229.000118, 625.003637
1229.000440, 626.007671
1229.008885, 627.004016
1229.004821, 628.001273
1229.007950, 629.006922
1229.006679, 630.001329
1229.008793, 631.007626
1229.006068, 632.005094
1229.002435, 633.009726
1229.007194, 634.009927
1229.001839, 635.004202
1229.002511, 636.007282
1229.001201, 637.007790
1229.008856, 638.000541
1229.003702, 639.005972
1229.009701, 640.004507
1229.004274, 641.000927
1229.002582, 642.009370
1229.008956, 643.009717
1229.005765, 644.006955
1229.007389, 645.003055
1229.003215, 646.002077
1229.000019, 647.009941
1229.001921, 648.006797
1229.006570, 649.008492
1229.000658, 650.000401
1229.007349, 651.008282
1229.004228, 652.002921
1229.003944, 653.004489
1228.002257, 653.004997
1227.000884, 653.009178
1226.006601, 653.001905
1225.004812, 653.000022
1224.006434, 653.004548
1223.002745, 653.001780
1222.005065, 653.005246
1221.005973, 653.000833
1220.007567, 653.001111
1219.001174, 653.008115
1218.003261, 653.002838
1217.005289, 653.000716
1216.002128, 653.001720
1215.005734, 653.007504
1214.009210, 653.002693
1213.002508, 653.009055
1212.006060, 653.006236
1211.003753, 653.007219
1210.003312, 653.006923
1209.001337, 653.004618
1208.003416, 653.001452
1207.008020, 653.009406
1206.007616, 653.003962
1205.002758, 653.005592
1204.006234, 653.001441
1203.005726, 653.004242
1202.006312, 653.007048
1201.009599, 653.005873
1200.005679, 653.004160
1199.008668, 653.009351
1198.007506, 653.008946
1197.002356, 653.007605
1196.004418, 653.004299
1195.004684, 653.005470
1194.006213, 653.002923
1193.006263, 653.009970
1192.000258, 653.002387
1191.000358, 653.008361
1190.008624, 653.009979
1189.009611, 653.004227
1188.001024, 653.000139
1187.004958, 653.006975
1186.007610, 653.002320
1185.003321, 653.005000
1184.000698, 653.002058
1183.005634, 653.007869
1182.009482, 653.003087
1181.001760, 653.007816
1180.006796, 653.003291
1179.003865, 653.005865
1178.001995, 653.002330
1177.004816, 653.002897
1176.009004, 653.003725
1175.003152, 653.000969
1174.003611, 653.009237
1173.001213, 653.005199
1172.009059, 653.008341
1171.007963, 653.001532
1170.004002, 653.000609
1169.003089, 653.000697
1168.001885, 653.003817
1167.003931, 653.003665
1166.005813, 653.005588
1165.001808, 653.008929
1164.007971, 653.001378
1163.009297, 653.006904
1162.007662, 653.006631
1161.005035, 653.001781
1160.007009, 653.005896
1159.007604, 653.006121
1158.008408, 653.006739
1157.005056, 653.008529
1156.002773, 653.001245
1155.001648, 653.009693
1154.002649, 653.002933
1153.008348, 653.007128
1152.009252, 653.001899
1151.008668, 653.003911
1150.007488, 653.005982
1149.006398, 653.001747
1148.008035, 653.000788
1147.006791, 653.003648
1146.000532, 653.006374
1145.007773, 653.006565
1144.006944, 653.003395
1143.002731, 653.009269
1142.009161, 653.006550
1141.001446, 653.005802
1140.009912, 653.008110
1139.000733, 653.009800
1138.001025, 653.009374
1137.001357, 653.000016
1136.008123, 653.002831
1135.002767, 653.002339
1134.005808, 653.002866
1133.002241, 653.008636
1132.002390, 653.007815
1131.009974, 653.007719
1130.008235, 653.001172
1129.006695, 653.008755
1128.006787, 653.004781
1127.005361, 653.002426
1126.002327, 653.001797
1125.003499, 653.000164
1124.003536, 653.002261
1123.007750, 653.006758
1122.006914, 653.009074
1121.007186, 653.006650
1120.009137, 653.007200
1119.006964, 653.009244
1118.002387, 653.003898
1117.008862, 653.003525
1116.001751, 653.002810
1115.000284, 653.007305
1114.008711, 653.009700
1113.008278, 653.001420
1112.009833, 653.002671
1111.000136, 653.004169
1110.004677, 653.004670
1109.007147, 653.006326
1108.002016, 653.001080
1107.003041, 653.002034
1106.008416, 653.000238
1105.003719, 653.005880
1104.008242, 653.009657
1103.009806, 653.001484
1102.009153, 653.005800
1101.008597, 653.001903
1100.002145, 653.000192
1099.006971, 653.007154
1098.000215, 653.009693
1097.001810, 653.009192
1096.004687, 653.003749
1095.009510, 653.009637
1094.003292, 653.006421
1093.001132, 653.000559
1092.009036, 653.006018
1091.004765, 653.003658
1090.003940, 653.000135
1089.001651, 653.008118
1088.006701, 653.008917
1087.007652, 653.002481
1086.008342, 653.004355
1085.006595, 653.000824
1084.004915, 653.008438
1083.007099, 653.008576
1082.001315, 653.007951
1081.009395, 653.008265
1080.005269, 653.008759
1079.003747, 653.000532
1078.005568, 653.007367
1077.007009, 653.000698
1076.003593, 653.002584
1075.008890, 653.006222
1074.002210, 653.005095
1073.004492, 653.005340
1072.001088, 653.007754
1071.004675, 653.002216
1070.002506, 653.004410
1069.000818, 653.008905
1068.006712, 653.000091
1067.005542, 653.009445
1066.000889, 653.000337
1065.005946, 653.006395
1064.000809, 653.002507
1063.000927, 653.005118
1062.009212, 653.006883
1061.009145, 653.006140
1060.009996, 653.000350
1059.009199, 653.000881
1058.002261, 653.000512
1057.008561, 653.001082
1056.003291, 653.003007
1055.002859, 653.007235
1054.004510, 653.009873
1053.002039, 653.006322
1052.009501, 653.001755
1051.004989, 653.004198
1050.008130, 653.001773
1049.009191, 653.002901
1048.005850, 653.003865
1047.006941, 653.008222
1046.002245, 653.003410
1045.004722, 653.007844
1044.007866, 653.002952
1043.007284, 653.005352
1042.003442, 653.000840
1041.002992, 653.000446
1040.000509, 653.005577
1039.002003, 653.000645
1038.007530, 653.003714
1037.003844, 653.004817
1036.000560, 653.004095
1035.005941, 653.003833
1034.002541, 653.006248
1033.009670, 653.008664
1032.000249, 653.005764
1031.005492, 653.001232
1030.002998, 653.004450
1029.003731, 653.008331
1028.002138, 653.008088
1027.002554, 653.003916
1026.005413, 653.009599
1025.009731, 653.000094
1024.005256, 653.000427
1023.009716, 653.002119
1022.005053, 653.007970
1021.002633, 653.007694
1020.002481, 653.001841
1019.006709, 653.005911
1018.003941, 653.006811
1017.000733, 653.006128
1016.009174, 653.005198
1015.008098, 653.002102
1014.000117, 653.006568
1013.008978, 653.001687
1012.003057, 653.007518
1011.002228, 653.007413
1010.008148, 653.009368
1009.003536, 653.008251
1008.005354, 653.006584
1007.001421, 653.007888
1006.000882, 653.003734
1005.007618, 653.009817
1004.003165, 653.003786
1003.003420, 653.004554
1002.002457, 653.005572
1001.008547, 653.009299
1000.003105, 653.003224
999.004085, 653.005343
998.002560, 653.005393
997.006081, 653.003559
996.006185, 653.007065
995.001336, 653.003250
994.001932, 653.001790
993.001977, 653.004704
992.003942, 653.007136
991.000352, 653.000747
990.009131, 653.001166
989.000821, 653.007615
988.005828, 653.002781
987.000012, 653.000451
986.008533, 653.003707
985.002087, 653.003746
984.007837, 653.004963
983.000596, 653.002035
982.009596, 653.005613
981.003469, 653.001156
980.002390, 653.006613
979.002724, 653.005393
978.007363, 653.007572
977.005439, 653.000803
976.009470, 653.009232
975.007556, 653.000055
974.004224, 653.009487
973.007080, 653.009079
972.008998, 653.005744
971.008235, 653.000848
970.002922, 653.001452
969.003145, 653.006601
968.004475, 653.009597
967.002584, 653.009815
966.000807, 653.000981
965.002385, 653.003250
964.007859, 653.000111
963.007048, 653.004372
962.005352, 653.006481
961.007117, 653.009462
960.005698, 653.004088
959.001894, 653.001732
958.000903, 653.006981
957.004043, 653.003761
956.006515, 653.003655
955.007653, 653.009558
954.006691, 653.008108
953.006320, 653.006557
952.009438, 653.000368
951.002815, 653.002884
950.006090, 653.004312
949.006885, 653.000175
948.004087, 653.005569
947.002777, 653.007280
946.007122, 653.007348
945.003019, 653.005155
944.001703, 653.006979
943.000038, 653.008261
942.004217, 653.000993
941.002172, 653.002779
940.007532, 653.001553
939.005640, 653.006952
938.001220, 653.002034
937.009029, 653.003871
936.004457, 653.004587
935.001867, 653.002008
934.005651, 653.007484
933.003836, 653.003829
932.007884, 653.005060
931.006194, 653.007772
930.004208, 653.008065
929.001966, 653.003919
928.001871, 653.007242
927.006472, 653.008687
926.009530, 653.007934
925.004740, 653.008809
924.006514, 653.008545
923.007384, 653.009969
922.008201, 653.000656
921.001498, 653.000361
920.006575, 653.003621
919.008133, 653.004514
918.000010, 653.001436
917.002919, 653.007671
916.001371, 653.004718
915.001392, 653.006063
914.008460, 653.005589
913.005592, 653.003356
912.005903, 653.008280
911.003495, 653.008618
910.002519, 653.003273
909.007835, 653.006093
908.003239, 653.007795
907.005887, 653.002105
906.009638, 653.000461
905.006767, 653.009410
904.008148, 653.002903
903.007815, 653.004289
902.000001, 653.006171
901.006626, 653.006723
900.001982, 653.004743
899.000277, 653.008935
898.002036, 653.005938
897.008342, 653.002627
896.008809, 653.007555
895.001216, 653.000225
894.009173, 653.001545
893.000355, 653.000434
892.002797, 653.006533
891.001961, 653.003424
890.007848, 653.006999
889.000687, 653.005960
888.006844, 653.001928
887.004930, 653.001786
886.006768, 653.000754
885.000262, 653.007570
884.002464, 653.009393
883.002571, 653.009730
882.007411, 653.004191
881.007474, 653.002458
880.000916, 653.006593
879.007556, 653.002241
878.005791, 653.006346
877.004011, 653.009197
876.005592, 653.006052
875.004231, 653.000546
874.005460, 653.004880
873.001924, 653.006519
872.005646, 653.004252
871.001306, 653.004019
870.001768, 653.003312
869.001944, 653.008357
868.000875, 653.006992
867.005803, 653.008351
866.007371, 653.004493
865.003059, 653.005136
864.007860, 653.000983
863.008253, 653.009961
862.008990, 653.000334
861.003328, 653.001311
860.007339, 653.001703
859.009136, 653.006659
858.005416, 653.007779
857.001953, 653.009154
856.002845, 653.007496
855.006584, 653.004565
854.006771, 653.001035
853.002604, 653.008795
852.000588, 653.009925
851.005318, 653.001268
850.005013, 653.000049
849.007981, 653.004512
848.000591, 653.000376
847.006851, 653.005242
846.005694, 653.005230
845.005641, 653.007267
844.009065, 653.002904
843.000926, 653.001512
842.000971, 653.008433
841.005067, 653.003497
840.002047, 653.003340
839.008218, 653.003563
838.003861, 653.000176
837.005984, 653.000156
836.000287, 653.004640
835.004274, 653.001509
834.003748, 653.003126
833.007936, 653.005997
832.005371, 653.008484
831.004712, 653.006506
830.003143, 653.001819
829.001101, 653.009117
828.007110, 653.003135
827.001664, 653.001414
826.005692, 653.008641
825.008365, 653.000743
824.002173, 653.007531
823.001474, 653.007714
822.005432, 653.006049
821.008638, 653.005275
820.003968, 653.001646
819.003639, 653.008667
818.007299, 653.005055
817.001430, 653.006568
816.003775, 653.003085
815.001008, 653.008736
814.008888, 653.009947
813.002667, 653.000477
812.003128, 653.009936
811.001226, 653.009241
810.003457, 653.009265
809.001762, 653.003648
808.007452, 653.009876
807.009431, 653.000282
806.004191, 653.003033
805.009936, 653.008547
804.000940, 653.005518
803.002195, 653.008896
802.009702, 653.006230
801.009787, 653.004760
800.002689, 653.006015
799.002723, 653.003475
798.000791, 653.008521
797.006115, 653.006527
796.004084, 653.004911
795.007300, 653.004428
794.008460, 653.000229
793.007986, 653.006529
792.007428, 653.004242
791.002979, 653.001095
790.003159, 653.004566
789.002055, 653.005933
788.005824, 653.004889
787.006536, 653.004915
786.005304, 653.006106
785.007138, 653.000676
784.004315, 653.003176
783.004656, 653.008834
782.007031, 653.005514
781.000030, 653.004006
780.002256, 653.003728
779.005385, 653.002973
778.005203, 653.000521
777.002576, 653.005270
776.006956, 653.008564
775.000823, 653.006541
774.005668, 653.003152
773.009991, 653.004955
772.008556, 653.002458
771.001068, 653.006001
770.008768, 653.003201
769.000430, 653.005977
768.006164, 653.004532
767.009415, 653.009481
766.006096, 653.007959
765.005812, 653.001217
764.005234, 653.006114
763.008796, 653.007437
762.008505, 653.008189
761.003884, 653.007313
760.006206, 653.004836
759.009479, 653.009573
758.005363, 653.000355
757.001546, 653.004697
756.004381, 653.004985
755.008013, 653.007999
754.005065, 653.005096
753.009421, 653.003889
752.001059, 653.004109
751.007424, 653.006650
750.006786, 653.001952
749.007672, 653.008027
748.005921, 653.005863
747.008657, 653.006944
746.003493, 653.000346
745.003075, 653.001664
744.000658, 653.009114
743.003274, 653.009703
742.006202, 653.006803
741.007341, 653.005807
740.003858, 653.003293
739.007400, 653.003312
738.009481, 653.008433
737.006681, 653.009198
736.007141, 653.009994
735.006916, 653.008136
734.008216, 653.002652
733.002633, 653.005863
732.002532, 653.000826
731.003906, 653.007180
730.005612, 653.003165
729.004125, 653.008894
728.001105, 653.001518
727.004350, 653.003010
726.002454, 653.002186
725.000803, 653.000493
724.002860, 653.002267
723.007074, 653.000909
722.007615, 653.008918
721.007595, 653.008256
720.007856, 653.004338
719.003940, 653.008297
718.009812, 653.004281
717.000533, 653.007717
716.008595, 653.002922
715.001294, 653.000394
714.000614, 653.001884
713.003825, 653.001133
712.003654, 653.006231
711.002662, 653.002131
710.008703, 653.005256
709.008177, 653.002527
708.002570, 653.000854
707.002693, 653.006318
706.005377, 653.001320
705.000356, 653.008974
704.001968, 653.003356
703.002355, 653.008054
702.001312, 653.000121
701.004019, 653.008141
700.002951, 653.008129
699.005385, 653.005397
698.004567, 653.000801
697.001777, 653.002075
696.009724, 653.001497
695.005974, 653.006270
694.009843, 653.003828
693.008517, 653.007245
692.009485, 653.002065
691.007724, 653.001632
690.008991, 653.009468
689.005976, 653.000828
688.003552, 653.007322
687.003835, 653.004890
686.002768, 653.002519
685.008555, 653.003251
684.009752, 653.006488
683.008553, 653.007561
682.003850, 653.003279
681.000394, 653.006976
680.006044, 653.009623
679.009866, 653.001189
678.001081, 653.004779
677.003692, 653.001542
676.005413, 653.002974
675.003450, 653.005506
674.004991, 653.006257
673.008273, 653.004855
672.001995, 653.000575
671.007862, 653.002850
670.004544, 653.002884
669.002413, 653.000725
668.008463, 653.002104
667.000986, 653.008824
666.005155, 653.001742
665.004904, 653.002654
664.004659, 653.006979
663.007729, 653.009216
662.007939, 653.004050
661.008380, 653.003879
660.007477, 653.004714
659.008966, 653.003157
658.000226, 653.003641
657.003881, 653.003656
656.001996, 653.001517
655.001736, 653.002541
654.007317, 653.001686
653.006680, 653.009805
652.003862, 653.003143
651.000685, 653.007683
650.005486, 653.007677
649.003347, 653.007493
648.002924, 653.003997
647.000766, 653.009239
646.006248, 653.006643
645.000075, 653.004278
644.008110, 653.002484
643.001177, 653.006365
642.001857, 653.002638
641.002246, 653.001393
640.003567, 653.002610
639.000565, 653.001134
638.002073, 653.008461
637.005255, 653.001293
636.006041, 653.001834
635.003464, 653.009200
634.002160, 653.001632
633.006575, 653.001435
632.003508, 653.005172
631.007993, 653.006711
630.002152, 653.006623
629.009083, 653.004322
628.005059, 653.005544
627.004804, 653.003472
626.007358, 653.003330
625.005627, 653.003792
624.002034, 653.000380
623.007273, 653.002363
622.000116, 653.001803
621.004849, 653.007556
620.000401, 653.004469
619.002946, 653.004999
618.002807, 653.003221
617.008251, 653.005987
616.004392, 653.009060
615.006239, 653.003645
614.002111, 653.007117
613.008520, 653.007160
612.001384, 653.007217
611.002377, 653.009383
610.004512, 653.004859
609.009094, 653.008139
608.008034, 653.005416
607.002593, 653.006522
606.003058, 653.009372
605.004986, 653.002521
604.007658, 653.001401
603.000571, 653.003264
602.005369, 653.001116
601.004853, 653.004217
600.008869, 653.008282
599.000146, 653.008619
598.002894, 653.000315
597.004316, 653.007499
596.005455, 653.004888
595.004242, 653.005566
594.001419, 653.005430
593.000529, 653.003285
592.007515, 653.002369
591.005074, 653.000470
590.002827, 653.007888
589.008003, 653.001678
588.003840, 653.007047
587.005589, 653.008746
586.008100, 653.003056
585.005672, 653.000757
584.005546, 653.009519
583.002166, 653.006771
582.001583, 653.007471
581.005216, 653.001613
580.000957, 653.000004
579.008554, 653.000049
578.006490, 653.002313
577.000631, 653.009643
576.001741, 653.009952
575.001075, 653.007627
574.001660, 653.003135
573.009049, 653.002082
572.000287, 653.009887
571.005063, 653.002754
570.009566, 653.005839
569.002808, 653.001801
568.008340, 653.003516
567.002566, 653.009803
566.005574, 653.008897
565.002773, 653.007336
564.006887, 653.008077
563.001283, 653.007426
562.008447, 653.001837
561.002905, 653.009187
560.007287, 653.000940
559.004768, 653.007975
558.002109, 653.009961
557.006084, 653.002348
556.003651, 653.002461
555.003869, 653.003163
554.008648, 653.005327
553.001176, 653.005105
552.006483, 653.005080
551.009424, 653.005979
550.002573, 653.003973
549.001355, 653.004065
548.007553, 653.008678
547.006211, 653.008850
546.006326, 653.009395
545.003674, 653.005455
544.006038, 653.002173
543.008139, 653.008060
542.007039, 653.002272
541.009884, 653.002654
540.005899, 653.001373
539.004693, 653.004408
538.004537, 653.006444
537.008504, 653.009987
536.004518, 653.003082
535.008632, 653.000125
534.000601, 653.001138
533.008144, 653.002759
532.002577, 653.005444
531.004933, 653.002040
530.009476, 653.009443
529.002071, 653.003547
528.005195, 653.004551
527.000985, 653.000991
526.009624, 653.003041
525.004034, 653.004742
524.004308, 653.007291
523.008038, 653.007488
522.006737, 653.003178
521.005331, 653.007330
520.002301, 653.000452
519.003893, 653.003632
518.007991, 653.007894
517.003130, 653.005940
516.006894, 653.006071
515.006854, 653.001276
514.007556, 653.005500
513.000041, 653.000127
512.007271, 653.003037
511.000915, 653.006437
510.003354, 653.004301
509.004933, 653.001913
508.001468, 653.004943
507.002215, 653.009964
506.005065, 653.008577
505.005008, 653.009577
504.005001, 653.004186
503.006724, 653.004451
502.003387, 653.000807
501.009120, 653.007693
500.000749, 653.002320
499.009194, 653.007399
498.000540, 653.000145
497.002342, 653.003418
496.000090, 653.006658
495.003353, 653.000631
494.002031, 653.007148
493.001793, 653.009034
492.005283, 653.003120
491.003351, 653.005960
490.009652, 653.004754
489.003701, 653.000735
488.003098, 653.005340
487.006452, 653.007095
486.005747, 653.005503
485.001731, 653.003665
484.009702, 653.000014
483.006984, 653.007814
482.008715, 653.005022
481.006546, 653.003209
480.006789, 653.008501
479.001532, 653.006370
478.009767, 653.001741
477.006637, 653.002534
476.008967, 653.004677
475.005383, 653.006161
474.000938, 653.002882
473.000387, 653.006372
472.002386, 653.009036
471.000219, 653.002642
470.004341, 653.006674
469.009393, 653.001064
468.004624, 653.009038
467.003070, 653.006488
466.002676, 653.000836
465.003036, 653.000850
464.005818, 653.005718
463.006501, 653.003010
462.000989, 653.007302
461.004303, 653.000402
460.001049, 653.006530
459.000061, 653.007816
458.009679, 653.003199
457.006855, 653.003619
456.003971, 653.004453
455.002979, 653.008730
454.008752, 653.008070
453.003349, 653.008665
452.001700, 653.003340
451.008108, 653.003952
450.003337, 653.007355
449.005007, 653.009253
448.000939, 653.009522
447.007119, 653.006472
446.000437, 653.002113
445.002438, 653.002192
444.005368, 653.009659
443.006950, 653.004737
442.006940, 653.005004
441.007707, 653.001171
440.004272, 653.004838
439.007498, 653.009562
438.008874, 653.002508
437.007655, 653.006799
436.002426, 653.000930
435.000566, 653.007298
434.001919, 653.003410
433.008469, 653.002893
432.001227, 653.005189
431.000058, 653.009239
430.003161, 653.003522
429.001505, 653.009020
428.001078, 653.009104
427.003424, 653.007296
426.004101, 653.006658
425.000358, 653.009284
424.005018, 653.007497
423.004354, 653.005901
422.004915, 653.001864
421.009177, 653.007365
420.003611, 653.003881
419.006727, 653.000179
418.009958, 653.006895
417.002241, 653.007808
416.001068, 653.002058
415.009804, 653.000357
414.004524, 653.007936
413.004778, 653.003564
412.002643, 653.003969
411.004671, 653.002430
410.002855, 653.005586
409.005034, 653.009777
408.003255, 653.003800
407.001939, 653.005075
406.007396, 653.007079
405.007596, 653.003822
404.007377, 653.008328
403.000686, 653.002815
402.009303, 653.004764
401.007957, 653.001599
400.000164, 653.003528
399.008654, 653.005433
398.000204, 653.000827
397.008342, 653.000065
396.009843, 653.007422
395.003692, 653.003637
394.005206, 653.008275
393.004776, 653.006030
392.001338, 653.009178
391.006456, 653.000971
390.007147, 653.008155
389.005405, 653.001192
388.001157, 653.004469
387.004348, 653.001984
386.002113, 653.003035
385.000062, 653.003427
384.003525, 653.007064
383.006717, 653.006638
382.006189, 653.006729
381.001097, 653.004326
380.007766, 653.006691
379.001299, 653.000978
378.003470, 653.000274
377.005436, 653.002989
376.006934, 653.003128
375.001920, 653.004043
374.005316, 653.004157
373.007908, 653.006060
372.007699, 653.006563
371.007432, 653.001028
370.000863, 653.006790
369.005817, 653.004017
368.001477, 653.004191
367.001915, 653.002705
366.008781, 653.009238
365.004754, 653.003712
364.006817, 653.003067
363.006120, 653.001077
362.000277, 653.006195
361.005677, 653.007159
360.003026, 653.009205
359.000162, 653.001303
358.003359, 653.003212
357.003224, 653.006572
356.005061, 653.002935
355.007472, 653.009854
354.008338, 653.000171
353.005289, 653.005659
352.009658, 653.000498
351.009985, 653.008928
350.004592, 653.001012
349.003837, 653.007153
348.002709, 653.001905
347.004590, 653.007121
346.008569, 653.009713
345.006977, 653.006609
344.007906, 653.005030
343.000822, 653.006330
342.003045, 653.002511
341.002283, 653.002438
340.006616, 653.005969
339.009810, 653.004927
338.007636, 653.006384
337.001364, 653.002200
336.009015, 653.005636
335.004473, 653.007167
334.000550, 653.003773
333.005682, 653.005138
332.006472, 653.002621
331.000960, 653.008856
330.001600, 653.003563
329.003626, 653.000970
328.005181, 653.002284
327.001353, 653.009261
326.006459, 653.008305
325.008827, 653.004931
324.001047, 653.002112
323.007604, 653.009277
322.002167, 653.007696
321.009737, 653.009055
320.005812, 653.003318
319.006739, 653.005841
318.003893, 653.008305
317.000439, 653.009721
316.004445, 653.008694
315.007295, 653.002595
314.002937, 653.009546
313.002725, 653.001437
312.003769, 653.006713
311.007022, 653.006799
310.005994, 653.005910
309.009413, 653.006883
308.002350, 653.001875
307.001823, 653.002498
306.005655, 653.005439
305.008916, 653.003197
304.001623, 653.001320
303.005955, 653.009934
302.002172, 653.004452
301.001068, 653.004517
300.008281, 653.007667
299.003469, 653.001210
298.006460, 653.008523
297.004189, 653.000765
296.007902, 653.008122
295.000907, 653.002207
294.004358, 653.009703
293.003405, 653.002693
292.009836, 653.009832
291.001249, 653.000743
290.002136, 653.000006
289.000222, 653.003166
288.003337, 653.001480
287.009107, 653.000990
286.003252, 653.001126
285.003345, 653.004705
284.004946, 653.001141
283.007170, 653.004139
282.006361, 653.000417
281.000746, 653.003274
280.007121, 653.000383
279.003899, 653.005313
278.004572, 653.003124
277.002987, 653.008320
276.008124, 653.004617
275.002475, 653.006730
274.005957, 653.000852
273.007789, 653.009061
272.003151, 653.009699
271.000991, 653.007118
270.005307, 653.006296
269.005855, 653.007026
268.006717, 653.004785
267.003898, 653.007380
266.007143, 653.004218
265.007934, 653.004845
264.006284, 653.001426
263.004703, 653.002506
262.009967, 653.008676
261.003149, 653.001285
260.007150, 653.008927
259.009909, 653.009739
258.001779, 653.006495
257.008562, 653.002543
256.008580, 653.005941
255.004218, 653.002988
254.006829, 653.006995
253.009996, 653.009782
252.001184, 653.008327
251.006967, 653.003493
250.003623, 653.007974
249.004106, 653.002921
248.005558, 653.003248
247.009833, 653.006736
246.004189, 653.007924
245.001698, 653.000674
244.002160, 653.009524
243.005770, 653.005611
242.004576, 653.004515
241.002300, 653.006840
240.002446, 653.004231
239.009209, 653.009833
238.006616, 653.009322
237.009982, 653.002840
236.001252, 653.005559
235.007503, 653.001601
234.000932, 653.008795
233.000426, 653.006509
232.000426, 653.001904
231.003619, 653.007519
230.001196, 653.001494
229.009251, 653.007133
228.003713, 653.007229
227.000089, 653.006753
226.009633, 653.001556
225.001572, 653.006737
224.002888, 653.002658
223.004201, 653.005448
222.003784, 653.008433
221.002834, 653.007627
220.005134, 653.004334
219.004442, 653.007392
218.004512, 653.002858
217.000872, 653.006178
216.001680, 653.007515
215.008202, 653.000931
214.005257, 653.009077
213.009237, 653.002871
212.007682, 653.006928
211.000712, 653.002131
210.002548, 653.003324
209.001763, 653.008586
208.003355, 653.003373
207.005239, 653.004192
206.007758, 653.008551
205.008391, 653.007136
204.006359, 653.006569
203.004536, 653.003114
202.000115, 653.005398
201.002233, 653.004060
200.005426, 653.004262
199.003536, 653.009612
198.000954, 653.009425
197.007901, 653.001662
196.005249, 653.007570
195.003294, 653.007274
194.009231, 653.004587
193.001069, 653.000298
192.002610, 653.002589
191.006184, 653.006984
190.008278, 653.002958
189.009300, 653.005917
188.003767, 653.008244
187.002348, 653.007578
186.003809, 653.000715
185.004111, 653.003847
184.003082, 653.000390
183.007386, 653.002762
182.003183, 653.000353
181.004296, 653.008839
180.002911, 653.002163
179.001304, 653.004276
178.005907, 653.009174
177.000497, 653.001350
176.004726, 653.000581
175.008709, 653.001308
174.005394, 653.004002
173.001024, 653.000088
172.001510, 653.009400
171.000253, 653.006156
170.001975, 653.002170
169.008920, 653.000797
168.001381, 653.008207
167.005332, 653.006146
166.007152, 653.008740
165.000291, 653.001298
164.002477, 653.007781
163.006025, 653.001791
162.009110, 653.009979
161.003869, 653.002778
160.009093, 653.001690
159.002297, 653.001209
158.009471, 653.003091
157.001835, 653.007326
156.009055, 653.004140
155.008439, 653.000786
154.001303, 653.002189
153.001888, 653.001728
152.002364, 653.004082
151.000763, 653.002091
150.008380, 653.000523
149.000566, 653.007501
148.001070, 653.005560
147.006551, 653.005036
146.005689, 653.008958
145.007818, 653.007183
144.000407, 653.004314
143.004248, 653.007295
142.001183, 653.000696
141.002821, 653.006873
140.001179, 653.000631
139.004906, 653.009966
138.008798, 653.002257
137.001054, 653.005022
136.003389, 653.008446
135.004884, 653.009486
134.002700, 653.000707
133.002614, 653.007468
132.001123, 653.000696
131.009789, 653.005791
130.002804, 653.007128
129.001790, 653.008726
128.008684, 653.000918
127.009669, 653.006736
126.001522, 653.006350
125.007881, 653.009532
124.007973, 653.001102
123.005469, 653.008757
122.001776, 653.002925
121.007270, 653.000622
120.007123, 653.005796
119.006712, 653.003782
118.006258, 653.003356
117.006739, 653.002784
116.000382, 653.002450
115.000456, 653.002398
114.007929, 653.004571
113.008042, 653.003135
112.009246, 653.008027
111.001485, 653.003266
110.001787, 653.008650
109.003726, 653.007667
108.004838, 653.001845
107.003750, 653.008782
106.007869, 653.003804
105.004201, 653.000035
104.001548, 653.004687
103.003074, 653.006994
102.005509, 653.001597
101.006059, 653.006596
100.001908, 653.004146
99.001087, 653.009763
98.008849, 653.000429
97.001646, 653.007695
96.002731, 653.006230
95.000429, 653.007179
94.003592, 653.005255
93.009880, 653.005208
92.002491, 653.003214
91.001191, 653.008227
90.005016, 653.003568
89.008324, 653.006330
88.009956, 653.007740
87.008612, 653.007698
86.007225, 653.007621
85.006505, 653.003613
84.004071, 653.003168
83.002024, 653.009351
82.003662, 653.002908
81.000485, 653.001257
80.005090, 653.000178
79.005049, 653.005334
78.008864, 653.002886
77.008679, 653.007645
76.006960, 653.009626
75.007039, 653.001842
74.001473, 653.009954
73.008928, 653.004138
72.000955, 653.001636
71.005779, 653.001033
70.008488, 653.002680
69.006819, 653.000108
68.000555, 653.000963
67.001425, 653.009194
66.000779, 653.009276
65.005254, 653.004234
64.007583, 653.008584
63.001705, 653.001151
62.009842, 653.007326
61.005272, 653.002032
60.009584, 653.009558
59.008360, 653.000936
58.005806, 653.009761
57.008115, 653.009652
56.008462, 653.007121
55.004842, 653.008702
54.006693, 653.007088
53.008557, 653.003916
52.000357, 653.003042
51.005259, 653.003883
50.008923, 653.005863
49.009463, 653.008600
48.006786, 653.004224
47.004569, 653.004613
46.009076, 653.003422
45.007620, 653.006983
44.007017, 653.005553
43.000027, 653.003384
42.006895, 653.008852
41.000801, 653.000630
40.001708, 653.009001
39.003879, 653.008968
38.009547, 653.000223
37.006085, 653.004431
36.007787, 653.008979
35.007307, 653.004574
34.007130, 653.008063
33.009432, 653.007894
32.004586, 653.003937
31.005626, 653.002264
30.009431, 653.005082
29.006499, 653.002678
28.001223, 653.004215
27.004729, 653.003622
26.003932, 653.002150
25.004711, 653.006390
24.005236, 653.006146
23.008780, 653.006658
22.005071, 653.000526
21.006585, 653.002616
20.002465, 653.002407
19.009163, 653.008983
18.004748, 653.000331
17.004294, 653.007215
16.008183, 653.008622
15.004674, 653.007215
14.004082, 653.005278
13.005493, 653.000857
12.009481, 653.006210
11.002967, 653.002647
10.006421, 653.003643
9.000386, 653.007813
8.008904, 653.001488
7.003251, 653.003161
6.001597, 653.005499
5.000048, 653.000990
4.009326, 653.001026
3.000235, 653.001390
2.001437, 653.006186
1.005995, 653.003226
0.000088, 653.003244
0.009322, 652.009134
0.006519, 651.006043
0.001002, 650.004824
0.004382, 649.006267
0.003053, 648.008022
0.004179, 647.006379
0.001177, 646.007344
0.007879, 645.002022
0.008807, 644.006429
0.007770, 643.001705
0.009281, 642.003640
0.008616, 641.006595
0.007742, 640.002638
0.007171, 639.008207
0.009293, 638.004152
0.008127, 637.006829
0.004992, 636.004254
0.000542, 635.008473
0.002238, 634.009443
0.003827, 633.003178
0.001113, 632.003869
0.007335, 631.002471
0.003250, 630.008988
0.002641, 629.008805
0.004776, 628.000976
0.002548, 627.004774
0.009901, 626.006211
0.005895, 625.004936
0.006715, 624.000131
0.002235, 623.008038
0.001759, 622.009781
0.005437, 621.002465
0.004920, 620.005371
0.000267, 619.002727
0.001223, 618.001144
0.001032, 617.009796
0.001085, 616.000875
0.006332, 615.003092
0.005581, 614.008314
0.008986, 613.006956
0.008300, 612.007878
0.005200, 611.009395
0.000336, 610.005914
0.002033, 609.005936
0.009999, 608.007837
0.007228, 607.006384
0.003777, 606.001463
0.000468, 605.007302
0.000153, 604.001844
0.000118, 603.008028
0.002796, 602.007917
0.004525, 601.003039
0.004719, 600.006288
0.001923, 599.008481
0.009960, 598.002454
0.008018, 597.005658
0.004332, 596.004775
0.005310, 595.009320
0.001832, 594.001520
0.003216, 593.003542
0.008250, 592.006286
0.003060, 591.003014
0.008542, 590.002110
0.006981, 589.002554
0.009551, 588.009591
0.004834, 587.002656
0.004604, 586.009315
0.008147, 585.003885
0.001579, 584.003920
0.005177, 583.007935
0.000988, 582.000102
0.006156, 581.008155
0.005638, 580.005869
0.002771, 579.007364
0.008443, 578.003363
0.000940, 577.005764
0.009937, 576.002568
0.000954, 575.006758
0.002063, 574.006198
0.004051, 573.003498
0.009786, 572.001097
0.009468, 571.003960
0.007109, 570.006453
0.001050, 569.007376
0.009040, 568.004143
0.007471, 567.009817
0.006081, 566.001514
0.005131, 565.001754
0.002798, 564.001923
0.007793, 563.005405
0.007036, 562.003342
0.002013, 561.004675
0.001343, 560.000341
0.002446, 559.005510
0.003160, 558.009764
0.006067, 557.009471
0.005343, 556.005406
0.009382, 555.008348
0.003585, 554.002011
0.007699, 553.002616
0.002290, 552.003894
0.000497, 551.001551
0.005465, 550.008509
0.001986, 549.007826
0.004201, 548.000264
0.000894, 547.004383
0.007292, 546.004914
0.008558, 545.006410
0.006562, 544.009821
0.009384, 543.006223
0.003466, 542.000408
0.002726, 541.003874
0.008519, 540.008127
0.000253, 539.001291
0.000118, 538.000229
0.007873, 537.002771
0.004329, 536.006672
0.006262, 535.009624
0.002180, 534.004468
0.009078, 533.001801
0.006053, 532.004782
0.002907, 531.004299
0.001703, 530.003103
0.008008, 529.001167
0.007500, 528.007786
0.003929, 527.004917
0.007428, 526.007293
0.009042, 525.004171
0.009424, 524.001429
0.008070, 523.007324
0.005608, 522.006910
0.006661, 521.005070
0.005970, 520.002537
0.007080, 519.009585
0.002078, 518.004335
0.004075, 517.003176
0.002368, 516.005928
0.004977, 515.004220
0.005574, 514.004493
0.003110, 513.003206
0.003876, 512.007581
0.008554, 511.006673
0.002303, 510.001143
0.005340, 509.001887
0.005981, 508.004047
0.009134, 507.000040
0.001766, 506.009419
0.004467, 505.000805
0.005840, 504.008113
0.005582, 503.006046
0.003824, 502.004616
0.009957, 501.005506
0.004975, 500.000716
0.008563, 499.002273
0.007024, 498.007230
0.001923, 497.000850
0.003223, 496.009110
0.006044, 495.005634
0.008164, 494.004247
0.007255, 493.002611
0.003924, 492.001275
0.000058, 491.002101
0.003115, 490.006686
0.007005, 489.005329
0.000375, 488.006586
0.004710, 487.002682
0.008895, 486.003380
0.005019, 485.006412
0.003516, 484.002723
0.005433, 483.005647
0.006982, 482.001023
0.007819, 481.006485
0.000884, 480.008839
0.009497, 479.005004
0.007891, 478.000455
0.005740, 477.005994
0.006802, 476.004971
0.007769, 475.005226
0.006992, 474.009200
0.005305, 473.008061
0.003826, 472.007704
0.007717, 471.002228
0.001579, 470.000259
0.002866, 469.007576
0.005445, 468.002088
0.007670, 467.000595
0.009191, 466.007147
0.009482, 465.006557
0.000016, 464.009799
0.002325, 463.007052
0.007183, 462.005179
0.007054, 461.005750
0.005972, 460.003555
0.009507, 459.000200
0.003547, 458.009016
0.005705, 457.002477
0.008257, 456.007779
0.008171, 455.006486
0.008980, 454.006447
0.002416, 453.004741
0.006026, 452.005513
0.007670, 451.002431
0.000206, 450.008433
0.000908, 449.001577
0.001590, 448.001582
0.008250, 447.003109
0.004546, 446.005394
0.002773, 445.009653
0.000609, 444.002011
0.002820, 443.006868
0.005740, 442.009748
0.009859, 441.006120
0.003543, 440.009684
0.009952, 439.006315
0.001011, 438.004699
0.007902, 437.007717
0.008340, 436.006261
0.008139, 435.005534
0.009395, 434.009280
0.001407, 433.006119
0.004385, 432.000343
0.001309, 431.003567
0.001302, 430.009638
0.009785, 429.009543
0.007697, 428.001884
0.005575, 427.004140
0.009345, 426.006575
0.004733, 425.000594
0.007371, 424.002855
0.007250, 423.001641
0.000400, 422.009335
0.008865, 421.000370
0.003276, 420.004160
0.002098, 419.003343
0.008938, 418.005647
0.005599, 417.008817
0.004997, 416.008799
0.005848, 415.007883
0.001585, 414.008011
0.000288, 413.001319
0.002033, 412.001281
0.005947, 411.009987
0.002948, 410.006237
0.002603, 409.001565
0.005243, 408.003291
0.004571, 407.001451
0.002687, 406.006236
0.000162, 405.000636
0.009539, 404.005599
0.002880, 403.008361
0.003827, 402.005056
0.003420, 401.002368
0.007832, 400.006230
0.006529, 399.004574
0.002339, 398.002176
0.001797, 397.004947
0.006227, 396.004874
0.002425, 395.001442
0.007950, 394.007038
0.001060, 393.008762
0.000471, 392.003552
0.006731, 391.003793
0.006223, 390.002845
0.001962, 389.000508
0.003645, 388.003529
0.004129, 387.002152
0.001869, 386.006591
0.000115, 385.003534
0.005109, 384.008478
0.008326, 383.001220
0.003323, 382.005357
0.007133, 381.004451
0.000702, 380.003895
0.003810, 379.004602
0.008561, 378.008845
0.003008, 377.005977
0.004181, 376.002763
0.008860, 375.005780
0.002173, 374.008170
0.009745, 373.006042
0.009922, 372.007465
0.009803, 371.005344
0.003680, 370.000900
0.006244, 369.003137
0.006861, 368.007948
0.006523, 367.004466
0.007108, 366.002342
0.004436, 365.007921
0.003692, 364.006139
0.009216, 363.004624
0.001805, 362.003083
0.006662, 361.001064
0.005311, 360.006609
0.006399, 359.003586
0.004514, 358.002779
0.004305, 357.007359
0.000511, 356.003482
0.004172, 355.007628
0.002691, 354.000192
0.007679, 353.006063
0.000931, 352.003607
0.006719, 351.000016
0.009077, 350.009482
0.007155, 349.007506
0.001244, 348.005965
0.008068, 347.005731
0.007518, 346.002746
0.005548, 345.005940
0.000610, 344.007338
0.005104, 343.002447
0.000035, 342.008803
0.001748, 341.008640
0.005367, 340.004221
0.001818, 339.007754
0.005144, 338.008238
0.005603, 337.001257
0.002976, 336.000985
0.004824, 335.002638
0.007426, 334.004689
0.004052, 333.009420
0.007220, 332.004293
0.000107, 331.001206
0.008350, 330.002385
0.008509, 329.006582
0.004644, 328.003763
0.001040, 327.006664
0.008339, 326.009937
0.003492, 325.008131
0.002255, 324.008883
0.007638, 323.003540
0.000095, 322.000374
0.006513, 321.001733
0.006466, 320.002174
0.007061, 319.006164
0.003164, 318.007438
0.009202, 317.003939
0.003290, 316.008605
0.005383, 315.003396
0.009762, 314.008116
0.009695, 313.003034
0.009785, 312.001256
0.000588, 311.009597
0.001841, 310.001435
0.006269, 309.008138
0.006754, 308.003232
0.006836, 307.001860
0.009411, 306.003496
0.002217, 305.004561
0.002682, 304.005830
0.009967, 303.003486
0.000110, 302.008766
0.001991, 301.005402
0.008940, 300.002947
0.004260, 299.003708
0.000027, 298.007619
0.008574, 297.009398
0.006224, 296.001753
0.000439, 295.003671
0.005766, 294.000118
0.002121, 293.005032
0.002254, 292.009595
0.004935, 291.008657
0.007772, 290.006064
0.009839, 289.000878
0.000718, 288.007168
0.000389, 287.006560
0.004900, 286.001275
0.007120, 285.002209
0.001467, 284.007928
0.007414, 283.002615
0.000233, 282.000132
0.009922, 281.003841
0.001959, 280.003753
0.007598, 279.000374
0.008155, 278.004367
0.008405, 277.009243
0.009960, 276.006861
0.007767, 275.008932
0.002672, 274.008099
0.001812, 273.005881
0.007482, 272.007971
0.005489, 271.006403
0.006977, 270.009125
0.004601, 269.006823
0.005981, 268.000717
0.005834, 267.009649
0.004278, 266.006461
0.003830, 265.008593
0.002805, 264.002318
0.009381, 263.000253
0.009861, 262.004126
0.007789, 261.005267
0.008888, 260.000481
0.001476, 259.006750
0.004415, 258.001187
0.005882, 257.008830
0.007691, 256.006578
0.002738, 255.003097
0.008601, 254.008043
0.009759, 253.005772
0.005404, 252.005048
0.000821, 251.003407
0.008873, 250.008969
0.005701, 249.009945
0.002387, 248.009069
0.003418, 247.002922
0.004546, 246.000900
0.008255, 245.001662
0.005866, 244.002471
0.002520, 243.005238
0.006119, 242.008474
0.005108, 241.003048
0.003879, 240.007895
0.009923, 239.005784
0.004842, 238.005317
0.003230, 237.009642
0.000472, 236.001215
0.003989, 235.001549
0.003543, 234.001587
0.006250, 233.008251
0.002142, 232.002195
0.007651, 231.007055
0.008689, 230.007760
0.003094, 229.001046
0.005535, 228.001405
0.007669, 227.006587
0.003713, 226.004669
0.007862, 225.005920
0.006389, 224.003390
0.005142, 223.002671
0.003584, 222.009795
0.000964, 221.003085
0.009731, 220.006077
0.007265, 219.000793
0.000623, 218.009803
0.001506, 217.007926
0.001321, 216.006442
0.000334, 215.000387
0.001578, 214.009335
0.000914, 213.000101
0.000349, 212.002425
0.004006, 211.002049
0.005942, 210.006045
0.007828, 209.008894
0.003378, 208.001093
0.006806, 207.001024
0.005523, 206.001891
0.004225, 205.004815
0.009542, 204.003054
0.002887, 203.006926
0.005264, 202.000672
0.002807, 201.007452
0.006988, 200.003122
0.000034, 199.009719
0.005318, 198.001820
0.005634, 197.009574
0.000575, 196.007230
0.008925, 195.001939
0.004360, 194.000436
0.004003, 193.007481
0.000816, 192.005595
0.003637, 191.007175
0.004165, 190.003580
0.009586, 189.007606
0.004077, 188.002129
0.003406, 187.004793
0.005426, 186.002810
0.006808, 185.009368
0.004017, 184.000109
0.005630, 183.000912
0.004820, 182.002972
0.006483, 181.004269
0.004290, 180.004086
0.000134, 179.005634
0.003334, 178.007239
0.000696, 177.001252
0.002484, 176.008051
0.004672, 175.006517
0.005834, 174.008399
0.008935, 173.008298
0.005320, 172.009848
0.001686, 171.008302
0.001883, 170.006394
0.005473, 169.000278
0.005097, 168.001839
0.006315, 167.008892
0.007813, 166.002109
0.008006, 165.003058
0.007386, 164.007819
0.005654, 163.001575
0.000045, 162.007414
0.007528, 161.003844
0.009976, 160.006179
0.009258, 159.003505
0.009662, 158.001449
0.009470, 157.007791
0.003069, 156.009318
0.000903, 155.000424
0.008222, 154.003164
0.006081, 153.000851
0.000728, 152.009310
0.001593, 151.007643
0.004836, 150.000112
0.000057, 149.008872
0.003566, 148.009819
0.003816, 147.007263
0.004486, 146.003482
0.009434, 145.002954
0.002699, 144.004258
0.007056, 143.001657
0.007594, 142.009392
0.003705, 141.001049
0.004935, 140.000209
0.004547, 139.003194
0.000840, 138.006426
0.001220, 137.005813
0.009223, 136.000083
0.001280, 135.000216
0.009242, 134.009426
0.007808, 133.008705
0.004347, 132.008036
0.003266, 131.009264
0.009462, 130.009528
0.006659, 129.000342
0.007872, 128.003131
0.008040, 127.003554
0.004389, 126.000453
0.009465, 125.007098
0.006338, 124.008756
0.006418, 123.007708
0.008952, 122.001043
0.008796, 121.003958
0.006707, 120.008282
0.005506, 119.008723
0.007194, 118.004057
0.001736, 117.003616
0.009057, 116.006985
0.002962, 115.003205
0.000589, 114.001199
0.004763, 113.001831
0.000527, 112.000203
0.002495, 111.000840
0.007617, 110.004420
0.009886, 109.009026
0.000515, 108.007752
0.000630, 107.004124
0.004579, 106.003446
0.002022, 105.008138
0.007119, 104.004593
0.004714, 103.004338
0.007670, 102.009573
0.007637, 101.008723
0.004837, 100.007743
0.002172, 99.003776
0.006300, 98.005705
0.004618, 97.007307
0.003509, 96.009440
0.001018, 95.004218
0.007663, 94.002643
0.003418, 93.003983
0.008513, 92.006556
0.001609, 91.001663
0.002558, 90.001623
0.009428, 89.005271
0.002210, 88.006264
0.009657, 87.007298
0.002459, 86.003106
0.006615, 85.003210
0.006642, 84.007949
0.000481, 83.004729
0.007835, 82.001817
0.002408, 81.000716
0.007473, 80.001373
0.004522, 79.003459
0.007722, 78.008034
0.003823, 77.003184
0.009190, 76.001089
0.004095, 75.008610
0.000539, 74.005128
0.004852, 73.006335
0.001541, 72.007107
0.001401, 71.006901
0.006164, 70.003349
0.005091, 69.000319
0.007236, 68.001804
0.007782, 67.008880
0.009251, 66.009870
0.009630, 65.000070
0.000890, 64.003093
0.004228, 63.007391
0.003801, 62.005069
0.000176, 61.001904
0.009221, 60.003833
0.003139, 59.002309
0.008982, 58.005077
0.007447, 57.006372
0.002488, 56.007494
0.001328, 55.001511
0.006199, 54.000560
0.004794, 53.007359
0.007199, 52.000074
0.004283, 51.008106
0.007415, 50.001760
0.003091, 49.007441
0.000041, 48.008257
0.001673, 47.003909
0.004723, 46.009786
0.006865, 45.009482
0.003088, 44.003834
0.004103, 43.009171
0.001162, 42.004149
0.001680, 41.004485
0.000241, 40.004363
0.001128, 39.008551
0.002791, 38.006557
0.002768, 37.005699
0.004921, 36.000083
0.000505, 35.003346
0.002008, 34.000948
0.004915, 33.008965
0.009020, 32.007080
0.008704, 31.009968
0.002120, 30.009783
0.003589, 29.009318
0.003091, 28.006699
0.002665, 27.004666
0.003164, 26.006584
0.007328, 25.003843
0.007798, 24.001211
0.002806, 23.004508
0.008979, 22.004721
0.001370, 21.000772
0.006607, 20.005722
0.007280, 19.004604
0.005521, 18.002455
0.002535, 17.004838
0.009734, 16.006343
0.007483, 15.001585
0.000438, 14.004225
0.005360, 13.008875
0.009339, 12.004600
0.004814, 11.003327
0.003889, 10.008185
0.009481, 9.001672
0.005973, 8.008099
0.008679, 7.004931
0.000616, 6.009996
0.008266, 5.002071
0.006272, 4.007442
0.005752, 3.000944
0.003260, 2.002866
0.008697, 1.009322
235.137177, 612.226746
61.079380, 251.728378
852.234192, 251.291977
308.808655, 631.250488
